 Processing for d_type=GPSRO  cdatetime=2006070100
  
 bufr input file=/discover/nobackup/projects/gmao/nwposse/OSSEobs/GSIMOD/GPSRO/Y2006/M07/gdas1.060701.t00z.gpsro.tm00.bufr_d opened on unit= 20
 Processing subset NC003010 for idate   2006070100
  
  21622 observation message-groups read all types
      0 observation reports found with no corresponding entry in error table
      0 read/write errors detected
  21622 observation reports processed for type = GPSRO
  
  Table of subtype report and observation value counters:
   Subtype=      745   Rep Count=    21622   Obs Count=  5362256
  
 bufr input file=/discover/nobackup/projects/gmao/nwposse/OSSEobs/ROPP2D/GPSRO/Y2006/M07/gdas1.060701.t00z.gpsro.tm00.bufr_d opened on unit= 20
 Processing subset NC003010 for idate   2006070100
  
  21622 observation message-groups read all types
      0 observation reports found with no corresponding entry in error table
      0 read/write errors detected
  21622 observation reports processed for type = GPSRO
  
  Table of subtype report and observation value counters:
   Subtype=      745   Rep Count=    21622   Obs Count=  5362256
  
Means and stdv for type=GPSRO and subtype= 745 with num=21622
lev  count       fld mean       fld stdv       dif mean       dif stdv
  1      0      0.000E+00      0.000E+00      0.000E+00      0.000E+00
  2      0      0.000E+00      0.000E+00      0.000E+00      0.000E+00
  3      0      0.000E+00      0.000E+00      0.000E+00      0.000E+00
  4      0      0.000E+00      0.000E+00      0.000E+00      0.000E+00
  5      0      0.000E+00      0.000E+00      0.000E+00      0.000E+00
  6      0      0.000E+00      0.000E+00      0.000E+00      0.000E+00
  7      0      0.000E+00      0.000E+00      0.000E+00      0.000E+00
  8    127      2.308E-02      1.241E-03     -6.635E-05      5.142E-04
  9   4831      2.448E-02      2.646E-03     -5.487E-05      1.761E-03
 10  11541      2.484E-02      3.684E-03     -1.548E-04      2.639E-03
 11  16288      2.459E-02      4.519E-03     -1.641E-04      2.723E-03
 12  19802      2.411E-02      5.251E-03     -2.368E-04      3.295E-03
 13  22657      2.316E-02      5.235E-03     -2.852E-04      3.267E-03
 14  24637      2.191E-02      5.005E-03     -2.234E-04      3.085E-03
 15  25892      2.036E-02      3.916E-03     -3.552E-05      1.903E-03
 16  26257      1.900E-02      3.352E-03     -3.432E-05      1.426E-03
 17  26773      1.786E-02      2.956E-03     -7.436E-06      1.217E-03
 18  27002      1.689E-02      2.633E-03     -2.744E-05      1.026E-03
 19  27465      1.604E-02      2.384E-03     -2.248E-05      1.062E-03
 20  27279      1.526E-02      1.990E-03     -2.533E-06      7.561E-04
 21  27829      1.459E-02      1.742E-03     -4.688E-06      6.040E-04
 22  25958      1.401E-02      1.577E-03      3.888E-07      5.325E-04
 23  27880      1.344E-02      1.396E-03     -1.609E-06      4.581E-04
 24  27367      1.291E-02      1.251E-03      1.173E-05      4.084E-04
 25  27862      1.241E-02      1.126E-03     -3.360E-06      3.523E-04
 26  27500      1.195E-02      9.926E-04      1.183E-05      3.049E-04
 27  25905      1.152E-02      8.991E-04      2.520E-06      2.676E-04
 28  27862      1.112E-02      7.970E-04      3.498E-06      2.268E-04
 29  27635      1.073E-02      7.146E-04      6.416E-06      1.940E-04
 30  28336      1.037E-02      6.291E-04      6.845E-06      1.704E-04
 31  25737      1.003E-02      5.703E-04      6.412E-06      1.531E-04
 32  28246      9.722E-03      5.147E-04      8.137E-06      1.332E-04
 33  28542      9.406E-03      4.661E-04      1.083E-05      1.122E-04
 34  25787      9.115E-03      4.312E-04      1.239E-05      1.026E-04
 35  29050      8.852E-03      4.037E-04      5.646E-06      9.464E-05
 36  28751      8.584E-03      3.803E-04     -6.926E-06      8.651E-05
 37  26295      8.348E-03      3.518E-04     -2.590E-05      8.472E-05
 38  29506      8.116E-03      3.199E-04     -3.780E-05      7.383E-05
 39  26316      7.878E-03      2.927E-04     -4.117E-05      5.791E-05
 40  30000      7.649E-03      2.766E-04     -3.632E-05      4.851E-05
 41  30068      7.396E-03      2.666E-04     -3.020E-05      4.709E-05
 42  26717      7.167E-03      2.618E-04     -1.328E-05      4.109E-05
 43  30511      6.944E-03      2.584E-04     -2.852E-07      3.570E-05
 44  26862      6.731E-03      2.566E-04     -8.657E-07      3.203E-05
 45  30581      6.525E-03      2.543E-04     -9.613E-06      3.539E-05
 46  27036      6.324E-03      2.517E-04     -8.994E-06      3.309E-05
 47  30404      6.121E-03      2.507E-04      6.083E-07      3.253E-05
 48  27072      5.923E-03      2.549E-04      6.336E-06      2.984E-05
 49  30647      5.726E-03      2.629E-04      2.024E-06      2.663E-05
 50  26640      5.541E-03      2.675E-04     -3.885E-06      2.577E-05
 51  27087      5.359E-03      2.786E-04     -1.419E-06      2.526E-05
 52  30643      5.170E-03      2.888E-04      4.703E-06      2.608E-05
 53  26512      4.987E-03      2.928E-04      6.098E-06      2.241E-05
 54  30855      4.803E-03      3.110E-04     -1.828E-07      2.079E-05
 55  26918      4.628E-03      3.193E-04     -2.975E-06      2.118E-05
 56  26451      4.468E-03      3.268E-04      1.184E-06      1.935E-05
 57  30821      4.297E-03      3.436E-04      7.668E-06      2.069E-05
 58  26833      4.132E-03      3.536E-04      9.511E-07      1.753E-05
 59  26427      3.994E-03      3.649E-04     -6.454E-06      1.626E-05
 60  30700      3.843E-03      3.780E-04     -3.444E-06      1.633E-05
 61  26893      3.689E-03      3.831E-04      5.798E-06      2.161E-05
 62  26516      3.568E-03      3.891E-04      1.005E-06      1.673E-05
 63  30557      3.431E-03      3.954E-04     -3.693E-06      1.360E-05
 64  26928      3.294E-03      3.930E-04      1.740E-07      1.616E-05
 65  26595      3.181E-03      3.909E-04      4.947E-06      1.955E-05
 66  26384      3.066E-03      3.855E-04      8.219E-07      1.465E-05
 67  30996      2.939E-03      3.806E-04     -1.551E-06      1.112E-05
 68  26734      2.823E-03      3.688E-04      3.313E-06      1.759E-05
 69  26341      2.718E-03      3.557E-04      2.946E-06      1.645E-05
 70  26570      2.608E-03      3.419E-04      2.426E-07      1.171E-05
 71  26946      2.503E-03      3.296E-04     -3.073E-07      8.923E-06
 72  30732      2.403E-03      3.139E-04      2.411E-06      1.477E-05
 73  26270      2.298E-03      2.911E-04      2.511E-06      1.180E-05
 74  27012      2.198E-03      2.739E-04      1.933E-06      7.270E-06
 75  26644      2.110E-03      2.582E-04      1.414E-06      6.991E-06
 76  26247      2.025E-03      2.396E-04      1.286E-06      1.021E-05
 77  26697      1.937E-03      2.224E-04      1.768E-06      7.532E-06
 78  31222      1.847E-03      2.078E-04      2.464E-06      4.951E-06
 79  26484      1.766E-03      1.897E-04      1.165E-06      5.662E-06
 80  26282      1.693E-03      1.762E-04      4.523E-07      5.656E-06
 81  26774      1.618E-03      1.647E-04      9.115E-07      3.791E-06
 82  26748      1.550E-03      1.531E-04      1.981E-06      3.196E-06
 83  26244      1.486E-03      1.415E-04      1.527E-06      3.442E-06
 84  26321      1.423E-03      1.326E-04      8.807E-07      3.317E-06
 85  26980      1.362E-03      1.255E-04      1.031E-06      2.660E-06
 86  26478      1.306E-03      1.161E-04      1.632E-06      2.333E-06
 87  26133      1.252E-03      1.082E-04      1.257E-06      2.411E-06
 88  26604      1.198E-03      1.028E-04      5.122E-07      2.313E-06
 89  26836      1.147E-03      9.737E-05      6.525E-07      1.797E-06
 90  26248      1.101E-03      9.057E-05      1.259E-06      1.817E-06
 91  26185      1.054E-03      8.582E-05      1.351E-06      1.813E-06
 92  26814      1.009E-03      8.211E-05      5.995E-07      1.735E-06
 93  26623      9.677E-04      7.797E-05      5.041E-07      1.434E-06
 94  26050      9.286E-04      7.431E-05      7.876E-07      1.340E-06
 95  26218      8.892E-04      7.110E-05      1.081E-06      1.433E-06
 96  26963      8.512E-04      6.839E-05      6.542E-07      1.336E-06
 97  26441      8.168E-04      6.553E-05      5.504E-07      1.096E-06
 98  25968      7.838E-04      6.310E-05      6.997E-07      9.374E-07
 99  26559      7.506E-04      6.095E-05      1.001E-06      1.005E-06
100  26848      7.183E-04      5.912E-05      8.575E-07      1.056E-06
101  26218      6.898E-04      5.661E-05      4.160E-07      9.735E-07
102  25949      6.619E-04      5.475E-05      3.294E-07      8.085E-07
103  26752      6.335E-04      5.392E-05      6.016E-07      8.015E-07
104  26696      6.071E-04      5.199E-05      8.802E-07      8.590E-07
105  26002      5.827E-04      5.007E-05      6.199E-07      9.539E-07
106  26096      5.590E-04      4.892E-05      3.829E-07      8.172E-07
107  26870      5.350E-04      4.845E-05      2.726E-07      7.256E-07
108  26498      5.136E-04      4.677E-05      4.395E-07      7.901E-07
109  21486      4.949E-04      4.470E-05      4.955E-07      7.925E-07
110  26188      4.762E-04      4.475E-05      3.206E-07      9.064E-07
111  26922      4.560E-04      4.388E-05      3.158E-07      8.437E-07
112  26406      4.381E-04      4.252E-05      3.882E-07      7.483E-07
113  25892      4.204E-04      4.142E-05      5.769E-07      5.777E-07
114  26296      4.028E-04      4.064E-05      6.261E-07      5.861E-07
115  26949      3.858E-04      3.980E-05      4.679E-07      7.695E-07
116  26264      3.707E-04      3.862E-05      2.660E-07      6.835E-07
117  25875      3.560E-04      3.770E-05      1.934E-07      6.331E-07
118  21935      3.421E-04      3.666E-05      3.172E-07      5.752E-07
119  26841      3.292E-04      3.629E-05      4.070E-07      5.400E-07
120  26139      3.161E-04      3.529E-05      3.697E-07      7.827E-07
121  25899      3.036E-04      3.420E-05      3.354E-07      6.237E-07
122  26690      2.905E-04      3.378E-05      2.963E-07      4.963E-07
123  26774      2.786E-04      3.291E-05      3.795E-07      4.057E-07
124  25962      2.677E-04      3.181E-05      3.964E-07      3.932E-07
125  21367      2.580E-04      3.037E-05      2.886E-07      5.653E-07
126  26828      2.476E-04      3.084E-05      2.203E-07      5.127E-07
127  26628      2.380E-04      2.972E-05      1.316E-07      4.475E-07
128  25982      2.287E-04      2.866E-05      1.640E-07      3.680E-07
129  25838      2.193E-04      2.810E-05      2.449E-07      3.352E-07
130  27001      2.097E-04      2.776E-05      2.738E-07      4.175E-07
131  26504      2.017E-04      2.673E-05      2.870E-07      3.935E-07
132  21378      1.949E-04      2.544E-05      2.849E-07      3.606E-07
133  25920      1.874E-04      2.546E-05      2.957E-07      3.288E-07
134  27132      1.793E-04      2.495E-05      3.352E-07      2.828E-07
135  26305      1.725E-04      2.399E-05      3.164E-07      2.981E-07
136  25867      1.657E-04      2.328E-05      2.309E-07      4.120E-07
137  21494      1.594E-04      2.249E-05      1.705E-07      3.832E-07
138  27097      1.534E-04      2.251E-05      1.039E-07      3.543E-07
139  26196      1.477E-04      2.157E-05      8.715E-08      3.084E-07
140  25840      1.419E-04      2.088E-05      1.315E-07      2.837E-07
141  26264      1.359E-04      2.056E-05      1.830E-07      3.044E-07
142  27074      1.303E-04      2.007E-05      1.991E-07      3.309E-07
143  21573      1.261E-04      1.896E-05      2.025E-07      2.767E-07
144  25741      1.217E-04      1.869E-05      1.953E-07      2.623E-07
145  26449      1.163E-04      1.850E-05      2.203E-07      2.192E-07
146  26926      1.118E-04      1.784E-05      2.344E-07      1.819E-07
147  26141      1.076E-04      1.719E-05      2.155E-07      2.580E-07
148  25666      1.034E-04      1.663E-05      1.840E-07      2.736E-07
149  22028      9.946E-05      1.620E-05      1.620E-07      2.516E-07
150  26926      9.583E-05      1.593E-05      1.389E-07      2.183E-07
151  25981      9.235E-05      1.521E-05      1.432E-07      1.784E-07
152  25667      8.873E-05      1.472E-05      1.534E-07      1.620E-07
153  26782      8.480E-05      1.460E-05      1.418E-07      1.912E-07
154  22257      8.196E-05      1.385E-05      1.344E-07      1.981E-07
155  25931      7.931E-05      1.350E-05      1.390E-07      1.721E-07
156  25588      7.618E-05      1.306E-05      1.403E-07      1.506E-07
157  27011      7.281E-05      1.291E-05      1.566E-07      1.297E-07
158  26680      7.019E-05      1.227E-05      1.707E-07      1.234E-07
159  25395      6.761E-05      1.180E-05      1.588E-07      1.293E-07
160  21123      6.528E-05      1.134E-05      1.269E-07      1.533E-07
161  26716      6.260E-05      1.136E-05      1.168E-07      1.475E-07
162  26088      6.042E-05      1.080E-05      1.100E-07      1.447E-07
163  25344      5.825E-05      1.036E-05      1.055E-07      1.382E-07
164  25325      5.594E-05      1.003E-05      1.131E-07      1.323E-07
165  22779      5.360E-05      9.981E-06      1.092E-07      1.280E-07
166  25979      5.208E-05      9.498E-06      9.587E-08      1.275E-07
167  25241      5.024E-05      9.103E-06      8.455E-08      1.383E-07
168  25306      4.819E-05      8.935E-06      8.989E-08      1.366E-07
169  26976      4.618E-05      8.788E-06      9.515E-08      1.322E-07
170  21768      4.481E-05      8.246E-06      1.098E-07      1.287E-07
171  25217      4.332E-05      8.078E-06      1.170E-07      1.254E-07
172  25390      4.160E-05      7.901E-06      1.153E-07      1.243E-07
173  27069      3.990E-05      7.740E-06      8.921E-08      1.321E-07
174  25835      3.863E-05      7.369E-06      6.965E-08      1.499E-07
175  25109      3.722E-05      7.090E-06      7.394E-08      1.452E-07
176  21443      3.579E-05      6.997E-06      8.107E-08      1.410E-07
177  27034      3.456E-05      6.840E-06      8.728E-08      1.357E-07
178  25709      3.345E-05      6.476E-06      1.024E-07      1.294E-07
179  25008      3.220E-05      6.260E-06      1.027E-07      1.246E-07
180  25807      3.087E-05      6.191E-06      7.996E-08      1.270E-07
181  22820      2.980E-05      5.981E-06      5.546E-08      1.447E-07
182  25675      2.903E-05      5.702E-06      5.604E-08      1.340E-07
183  24895      2.796E-05      5.562E-06      5.224E-08      1.291E-07
184  26042      2.680E-05      5.469E-06      5.144E-08      1.229E-07
185  26983      2.591E-05      5.224E-06      5.430E-08      1.137E-07
186  25609      2.504E-05      5.015E-06      4.429E-08      1.091E-07
187  20582      2.426E-05      4.849E-06      2.661E-08      1.123E-07
188  26314      2.335E-05      4.849E-06      8.032E-09      1.112E-07
189  26882      2.263E-05      4.636E-06      1.559E-09      1.066E-07
190  25412      2.193E-05      4.443E-06      6.407E-09      9.796E-08
191  24711      2.119E-05      4.320E-06      1.001E-08      9.423E-08
192  22493      2.033E-05      4.320E-06      1.801E-08      8.536E-08
193  26730      1.988E-05      4.094E-06      2.428E-08      7.377E-08
194  25250      1.924E-05      3.961E-06      2.470E-08      6.784E-08
195  24663      1.860E-05      3.862E-06      2.221E-08      8.072E-08
196  27076      1.786E-05      3.840E-06      1.611E-08      8.874E-08
197  19401      1.760E-05      3.594E-06      1.445E-08      8.012E-08
198   4122      1.632E-05      4.393E-06      3.712E-08      7.980E-08
199   5335      1.636E-05      3.806E-06      1.798E-08      6.764E-08
200   4643      1.606E-05      3.294E-06      2.263E-08      5.860E-08
201   4533      1.543E-05      3.216E-06      3.368E-08      4.698E-08
202   4463      1.483E-05      3.111E-06      3.479E-08      3.861E-08
203    268      1.505E-05      1.914E-06      3.556E-08      7.239E-08
204   4326      1.423E-05      3.030E-06      2.541E-08      5.996E-08
205   4287      1.369E-05      2.938E-06      1.828E-08      5.944E-08
206   4243      1.317E-05      2.837E-06      9.804E-09      5.885E-08
207   4225      1.267E-05      2.743E-06      6.357E-09      5.863E-08
208   4216      1.219E-05      2.648E-06      8.306E-09      5.333E-08
209     58      1.261E-05      7.005E-07      3.000E-08      6.275E-08
210   4180      1.172E-05      2.563E-06      8.069E-09      4.436E-08
211   4148      1.127E-05      2.484E-06      2.037E-09      5.104E-08
212   4147      1.085E-05      2.398E-06      1.763E-09      5.807E-08
213   4149      1.045E-05      2.317E-06      1.887E-09      5.093E-08
214      0      0.000E+00      0.000E+00      0.000E+00      0.000E+00
215   4150      1.006E-05      2.238E-06      5.157E-09      4.514E-08
216   4149      9.676E-06      2.162E-06      1.386E-08      4.132E-08
217   4148      9.308E-06      2.086E-06      2.039E-08      3.676E-08
218   4148      8.959E-06      2.012E-06      1.812E-08      3.537E-08
219   4148      8.627E-06      1.942E-06      6.733E-09      4.574E-08
220      0      0.000E+00      0.000E+00      0.000E+00      0.000E+00
221   4147      8.311E-06      1.875E-06      9.838E-10      4.618E-08
222   4145      8.008E-06      1.810E-06     -4.400E-09      4.772E-08
223   4145      7.716E-06      1.747E-06     -7.259E-09      4.678E-08
224   4144      7.430E-06      1.686E-06     -4.768E-09      4.314E-08
225      0      0.000E+00      0.000E+00      0.000E+00      0.000E+00
226   4144      7.157E-06      1.628E-06     -2.365E-09      4.161E-08
227   4144      6.897E-06      1.574E-06      6.250E-10      4.431E-08
228   4144      6.649E-06      1.524E-06      1.197E-09      4.774E-08
229   4143      6.412E-06      1.475E-06     -3.116E-09      4.611E-08
230      0      0.000E+00      0.000E+00      0.000E+00      0.000E+00
231   4143      6.183E-06      1.428E-06     -4.446E-09      4.560E-08
232   4143      5.960E-06      1.382E-06     -7.096E-10      4.204E-08
233   4141      5.744E-06      1.336E-06      3.378E-09      3.872E-08
234   4142      5.537E-06      1.292E-06      5.106E-09      3.696E-08
235   4140      5.339E-06      1.249E-06      2.258E-09      3.895E-08
236      0      0.000E+00      0.000E+00      0.000E+00      0.000E+00
237   4141      5.150E-06      1.207E-06     -8.766E-10      4.008E-08
238   4141      4.970E-06      1.167E-06     -3.787E-09      4.206E-08
239   4139      4.795E-06      1.129E-06     -6.115E-09      4.119E-08
240      0      0.000E+00      0.000E+00      0.000E+00      0.000E+00
  
Vertical correlations for type=GPSRO and subtype=9999 with num= 21622 and dlev= 1200.
 Note: The only non-zero values will be for multi-level reports
  1    0.00      0  0.00  0.00  0.00  0.00  0.00  0.00  0.00  0.00  0.00  0.00  0.00  0.00  0.00  0.00  0.00  0.00  0.00  0.00  0.00  0.00
                    0.00  0.00  0.00  0.00  0.00  0.00  0.00  0.00  0.00  0.00  0.00  0.00  0.00  0.00  0.00  0.00  0.00  0.00  0.00  0.00
                    0.00  0.00  0.00  0.00  0.00  0.00  0.00  0.00  0.00  0.00  0.00
  2    1.20      0  0.00  0.80  0.09  0.01 -0.01 -0.04  0.00 -0.03  0.03  0.01  0.01  0.01  0.02  0.02 -0.05 -0.01 -0.01 -0.02 -0.03 -0.02
                   -0.03 -0.02 -0.02 -0.01 -0.01 -0.01  0.01 -0.01  0.01 -0.01 -0.01  0.01 -0.00 -0.00 -0.00 -0.00 -0.00 -0.01  0.02 -0.01
                    0.04 -0.03 -0.04 -0.12 -0.00 -0.00 -0.04  0.05  0.03 -0.07  0.00
  3    2.40      0  0.00  0.09  0.28  0.01 -0.00 -0.01 -0.00 -0.02  0.03  0.02  0.01  0.01  0.00  0.01 -0.01 -0.00 -0.01 -0.01 -0.02 -0.01
                   -0.01 -0.01 -0.01 -0.00 -0.01  0.00  0.02 -0.01  0.03 -0.01  0.01  0.00  0.01  0.00 -0.01  0.01 -0.00 -0.01  0.01  0.02
                    0.02 -0.03 -0.00 -0.00 -0.04  0.03  0.04 -0.03 -0.01  0.05  0.00
  4    3.60      0  0.00  0.01  0.01  0.28  0.01 -0.01  0.00 -0.00 -0.00  0.00  0.00  0.00 -0.01  0.01 -0.00  0.00 -0.00 -0.00 -0.00 -0.01
                   -0.00 -0.01 -0.01 -0.00 -0.00 -0.00 -0.00 -0.00 -0.00 -0.01 -0.00 -0.00 -0.01  0.00 -0.01  0.00 -0.01  0.00  0.01 -0.01
                    0.00 -0.01  0.02 -0.03 -0.02  0.03 -0.01 -0.04  0.03  0.02  0.00
  5    4.80      0  0.00 -0.01 -0.00  0.01  0.41  0.07 -0.01 -0.00 -0.00 -0.00  0.00 -0.00 -0.00 -0.00 -0.00  0.00 -0.01  0.00 -0.01 -0.01
                   -0.01 -0.01 -0.01 -0.01 -0.01 -0.01 -0.01 -0.01 -0.01 -0.01 -0.01 -0.01 -0.00 -0.01 -0.01 -0.01 -0.01 -0.00 -0.00 -0.01
                   -0.00 -0.01 -0.01  0.01 -0.00 -0.04  0.03  0.02 -0.04  0.02  0.00
  6    6.00      0  0.00 -0.04 -0.01 -0.01  0.07  0.48  0.09 -0.00 -0.01  0.00 -0.00  0.00  0.00  0.00 -0.01  0.00  0.00  0.00  0.00 -0.00
                    0.00  0.00  0.00  0.00 -0.00 -0.00 -0.00  0.00  0.00  0.00  0.00 -0.00  0.00  0.00  0.00 -0.00 -0.00  0.01 -0.01  0.01
                   -0.00 -0.01  0.01  0.01  0.00 -0.03 -0.00  0.02 -0.02 -0.00  0.00
  7    7.20      0  0.00  0.00 -0.00  0.00 -0.01  0.09  0.50  0.09 -0.01  0.00 -0.00  0.00  0.00 -0.00  0.01  0.00  0.00  0.00  0.00  0.01
                    0.01  0.01  0.01  0.00  0.01  0.00  0.00  0.00  0.01  0.00  0.00  0.01  0.00  0.01  0.00 -0.00 -0.00  0.00  0.00 -0.01
                    0.01  0.00 -0.00  0.03  0.01 -0.00  0.00  0.02 -0.01  0.01  0.00
  8    8.40      0  0.00 -0.03 -0.02 -0.00 -0.00 -0.00  0.09  0.35 -0.08 -0.03 -0.03 -0.03 -0.02 -0.02  0.02  0.03  0.04  0.08  0.07  0.06
                    0.07  0.06  0.05  0.04  0.03  0.03 -0.00  0.04 -0.02  0.04  0.03  0.02  0.03  0.03  0.04  0.01  0.02  0.04 -0.01  0.00
                   -0.01  0.02  0.00 -0.05  0.02  0.07 -0.08 -0.03  0.08 -0.03  0.00
  9    9.60      0  0.00  0.03  0.03 -0.00 -0.00 -0.01 -0.01 -0.08  0.25 -0.05  0.03  0.00  0.01  0.02 -0.01 -0.01 -0.02 -0.05 -0.04 -0.01
                   -0.04 -0.03 -0.01 -0.01  0.00  0.01  0.05 -0.01  0.05 -0.00  0.00  0.02 -0.01 -0.00  0.00  0.00 -0.02 -0.03  0.01  0.04
                    0.03  0.03  0.01  0.07  0.01 -0.06  0.10  0.04 -0.08  0.05  0.00
 10   10.80      0  0.00  0.01  0.02  0.00 -0.00  0.00  0.00 -0.03 -0.05  0.21 -0.06  0.03  0.02  0.01 -0.02 -0.02 -0.02 -0.04 -0.03 -0.01
                   -0.02 -0.02 -0.02  0.01 -0.01 -0.00  0.01 -0.00  0.03 -0.03  0.01  0.01  0.01  0.01 -0.01  0.01  0.00 -0.00  0.04 -0.00
                    0.02 -0.03  0.02  0.04 -0.01 -0.04  0.07  0.01 -0.08  0.05  0.00
 11   12.00      0  0.00  0.01  0.01  0.00  0.00 -0.00 -0.00 -0.03  0.03 -0.06  0.16 -0.04  0.02  0.02 -0.01 -0.02 -0.02 -0.04 -0.03 -0.02
                   -0.01 -0.02 -0.01  0.01 -0.00  0.00  0.01  0.00  0.04 -0.03  0.02  0.00  0.02  0.02 -0.02  0.03  0.01 -0.00  0.04 -0.01
                    0.02 -0.03  0.02  0.04 -0.02 -0.04  0.08 -0.00 -0.08  0.08  0.00
 12   13.20      0  0.00  0.01  0.01  0.00 -0.00  0.00  0.00 -0.03  0.00  0.03 -0.04  0.17 -0.04  0.03 -0.01 -0.02 -0.02 -0.06 -0.04 -0.03
                   -0.03 -0.02 -0.03  0.00 -0.01 -0.00  0.01 -0.01  0.03 -0.03 -0.00 -0.01  0.02  0.00 -0.04  0.00  0.01 -0.02  0.03 -0.02
                    0.01 -0.04  0.02  0.03 -0.02 -0.03  0.08 -0.02 -0.08  0.07  0.00
 13   14.40      0  0.00  0.02  0.00 -0.01 -0.00  0.00  0.00 -0.02  0.01  0.02  0.02 -0.04  0.13 -0.08  0.01 -0.01 -0.01 -0.03 -0.01 -0.00
                   -0.00  0.00 -0.00  0.01  0.01  0.01  0.01  0.00  0.03 -0.01  0.01  0.01  0.01  0.01 -0.01  0.01  0.02 -0.00  0.01  0.02
                    0.00  0.00  0.01  0.01 -0.02 -0.01  0.04 -0.01 -0.01  0.03  0.00
 14   15.60      0  0.00  0.02  0.01  0.01 -0.00  0.00 -0.00 -0.02  0.02  0.01  0.02  0.03 -0.08  0.26 -0.17  0.01 -0.01 -0.02  0.01  0.01
                    0.03  0.03  0.01  0.04  0.02  0.02  0.03  0.03  0.02  0.02  0.03  0.01  0.05  0.04  0.00  0.02  0.05  0.01  0.03  0.03
                    0.00 -0.01  0.03 -0.02  0.01  0.01  0.04 -0.04 -0.01  0.06  0.00
 15   16.80      0  0.00 -0.05 -0.01 -0.00 -0.00 -0.01  0.01  0.02 -0.01 -0.02 -0.01 -0.01  0.01 -0.17  0.23 -0.07  0.02  0.03  0.01  0.02
                    0.02  0.02  0.03  0.01  0.02  0.02  0.01  0.03  0.00  0.01  0.01  0.02  0.01  0.00  0.02  0.02 -0.03  0.01  0.01 -0.04
                    0.02  0.05  0.02  0.07 -0.04  0.00  0.01  0.02 -0.03  0.00  0.00
 16   18.00      0  0.00 -0.01 -0.00  0.00  0.00  0.00  0.00  0.03 -0.01 -0.02 -0.02 -0.02 -0.01  0.01 -0.07  0.13  0.02  0.11  0.09  0.08
                    0.09  0.08  0.08  0.05  0.05  0.06  0.05  0.05  0.04  0.06  0.06  0.06  0.04  0.06  0.07  0.02  0.04  0.05  0.00  0.05
                    0.03  0.08 -0.01 -0.01  0.06  0.04 -0.06  0.03  0.07 -0.06  0.00
 17   19.20      0  0.00 -0.01 -0.01 -0.00 -0.01  0.00  0.00  0.04 -0.02 -0.02 -0.02 -0.02 -0.01 -0.01  0.02  0.02  0.19 -0.00  0.14  0.12
                    0.13  0.12  0.12  0.10  0.09  0.09  0.07  0.10  0.05  0.10  0.08  0.09  0.09  0.08  0.11  0.06  0.05  0.07  0.02  0.06
                    0.04  0.11  0.03 -0.01  0.07  0.05 -0.04  0.03  0.07 -0.03  0.00
 18   20.40      0  0.00 -0.02 -0.01 -0.00  0.00  0.00  0.00  0.08 -0.05 -0.04 -0.04 -0.06 -0.03 -0.02  0.03  0.11 -0.00  0.44  0.05  0.21
                    0.21  0.20  0.18  0.13  0.13  0.14  0.11  0.15  0.06  0.14  0.13  0.14  0.12  0.12  0.17  0.08  0.07  0.11  0.02  0.05
                    0.08  0.18  0.04  0.03  0.10  0.08 -0.11  0.08  0.11 -0.10  0.00
 19   21.60      0  0.00 -0.03 -0.02 -0.00 -0.01  0.00  0.00  0.07 -0.04 -0.03 -0.03 -0.04 -0.01  0.01  0.01  0.09  0.14  0.05  0.46  0.10
                    0.27  0.25  0.22  0.20  0.18  0.18  0.15  0.20  0.11  0.20  0.17  0.17  0.17  0.19  0.19  0.10  0.13  0.13  0.03  0.11
                    0.07  0.23  0.05  0.00  0.10  0.12 -0.06  0.04  0.14 -0.04  0.00
 20   22.80      0  0.00 -0.02 -0.01 -0.01 -0.01 -0.00  0.01  0.06 -0.01 -0.01 -0.02 -0.03 -0.00  0.01  0.02  0.08  0.12  0.21  0.10  0.41
                    0.22  0.27  0.25  0.23  0.19  0.23  0.18  0.22  0.15  0.19  0.20  0.21  0.20  0.21  0.21  0.14  0.13  0.14  0.08  0.11
                    0.10  0.23  0.09  0.03  0.14  0.13 -0.03  0.08  0.12 -0.03  0.00
 21   24.00      0  0.00 -0.03 -0.01 -0.00 -0.01  0.00  0.01  0.07 -0.04 -0.02 -0.01 -0.03 -0.00  0.03  0.02  0.09  0.13  0.21  0.27  0.22
                    0.45  0.30  0.28  0.30  0.22  0.26  0.21  0.28  0.20  0.21  0.27  0.21  0.26  0.29  0.21  0.15  0.17  0.19  0.09  0.14
                    0.10  0.23  0.14  0.05  0.09  0.18  0.07 -0.02  0.09  0.09  0.00
 22   25.20      0  0.00 -0.02 -0.01 -0.01 -0.01  0.00  0.01  0.06 -0.03 -0.02 -0.02 -0.02  0.00  0.03  0.02  0.08  0.12  0.20  0.25  0.27
                    0.30  0.40  0.26  0.27  0.23  0.28  0.20  0.29  0.17  0.24  0.25  0.22  0.26  0.25  0.22  0.15  0.17  0.16  0.09  0.15
                    0.10  0.26  0.11  0.03  0.15  0.15 -0.00  0.06  0.14  0.00  0.00
 23   26.40      0  0.00 -0.02 -0.01 -0.01 -0.01  0.00  0.01  0.05 -0.01 -0.02 -0.01 -0.03 -0.00  0.01  0.03  0.08  0.12  0.18  0.22  0.25
                    0.28  0.26  0.35  0.20  0.21  0.24  0.18  0.23  0.14  0.22  0.20  0.22  0.21  0.20  0.23  0.13  0.13  0.14  0.09  0.11
                    0.12  0.23  0.08  0.08  0.16  0.09 -0.02  0.13  0.10 -0.05  0.00
 24   27.60      0  0.00 -0.01 -0.00 -0.00 -0.01  0.00  0.00  0.04 -0.01  0.01  0.01  0.00  0.01  0.04  0.01  0.05  0.10  0.13  0.20  0.23
                    0.30  0.27  0.20  0.42  0.17  0.24  0.21  0.28  0.23  0.17  0.27  0.19  0.26  0.29  0.15  0.14  0.15  0.18  0.13  0.13
                    0.09  0.21  0.18  0.05  0.04  0.19  0.16 -0.08  0.03  0.21  0.00
 25   28.80      0  0.00 -0.01 -0.01 -0.00 -0.01 -0.00  0.01  0.03  0.00 -0.01 -0.00 -0.01  0.01  0.02  0.02  0.05  0.09  0.13  0.18  0.19
                    0.22  0.23  0.21  0.17  0.33  0.09  0.14  0.19  0.12  0.20  0.16  0.20  0.18  0.19  0.19  0.13  0.17  0.09  0.08  0.10
                    0.11  0.19  0.06  0.03  0.12  0.05 -0.00  0.09  0.08 -0.02  0.00
 26   30.00      0  0.00 -0.01  0.00 -0.00 -0.01 -0.00  0.00  0.03  0.01 -0.00  0.00 -0.00  0.01  0.02  0.02  0.06  0.09  0.14  0.18  0.23
                    0.26  0.28  0.24  0.24  0.09  0.49  0.11  0.32  0.20  0.19  0.25  0.17  0.25  0.23  0.17  0.15  0.10  0.15  0.10  0.14
                    0.11  0.24  0.13  0.14  0.05  0.14  0.13  0.01  0.02  0.11  0.00
 27   31.20      0  0.00  0.01  0.02 -0.00 -0.01 -0.00  0.00 -0.00  0.05  0.01  0.01  0.01  0.01  0.03  0.01  0.05  0.07  0.11  0.15  0.18
                    0.21  0.20  0.18  0.21  0.14  0.11  0.55  0.03  0.27  0.14  0.21  0.20  0.17  0.21  0.15  0.12  0.08  0.09  0.07  0.15
                    0.12  0.21  0.15  0.18  0.01  0.08  0.12  0.04 -0.01  0.09  0.00
 28   32.40      0  0.00 -0.01 -0.01 -0.00 -0.01  0.00  0.00  0.04 -0.01 -0.00  0.00 -0.01  0.00  0.03  0.03  0.05  0.10  0.15  0.20  0.22
                    0.28  0.29  0.23  0.28  0.19  0.32  0.03  0.67  0.02  0.25  0.26  0.19  0.30  0.24  0.18  0.18  0.13  0.16  0.10  0.12
                    0.10  0.25  0.16  0.10  0.07  0.19  0.15 -0.05  0.08  0.16  0.00
 29   33.60      0  0.00  0.01  0.03 -0.00 -0.01  0.00  0.01 -0.02  0.05  0.03  0.04  0.03  0.03  0.02  0.00  0.04  0.05  0.06  0.11  0.15
                    0.20  0.17  0.14  0.23  0.12  0.20  0.27  0.02  0.57 -0.04  0.26  0.13  0.23  0.24  0.08  0.11  0.09  0.11  0.10  0.13
                    0.11  0.16  0.18  0.19 -0.06  0.09  0.25 -0.02 -0.11  0.23  0.00
 30   34.80      0  0.00 -0.01 -0.01 -0.01 -0.01  0.00  0.00  0.04 -0.00 -0.03 -0.03 -0.03 -0.01  0.02  0.01  0.06  0.10  0.14  0.20  0.19
                    0.21  0.24  0.22  0.17  0.20  0.19  0.14  0.25 -0.04  0.42  0.12  0.14  0.21  0.17  0.20  0.11  0.15  0.09 -0.01  0.16
                    0.05  0.27  0.02 -0.05  0.18  0.13 -0.10  0.05  0.24 -0.07  0.00
 31   36.00      0  0.00 -0.01  0.01 -0.00 -0.01  0.00  0.00  0.03  0.00  0.01  0.02 -0.00  0.01  0.03  0.01  0.06  0.08  0.13  0.17  0.20
                    0.27  0.25  0.20  0.27  0.16  0.25  0.21  0.26  0.26  0.12  0.33  0.20  0.22  0.29  0.15  0.16  0.12  0.16  0.11  0.13
                    0.11  0.20  0.18  0.14  0.01  0.14  0.18 -0.04 -0.01  0.17  0.00
 32   37.20      0  0.00  0.01  0.00 -0.00 -0.01 -0.00  0.01  0.02  0.02  0.01  0.00 -0.01  0.01  0.01  0.02  0.06  0.09  0.14  0.17  0.21
                    0.21  0.22  0.22  0.19  0.20  0.17  0.20  0.19  0.13  0.14  0.20  0.38  0.07  0.23  0.23  0.17  0.12  0.09  0.10  0.12
                    0.14  0.21  0.08  0.08  0.13  0.05  0.01  0.14  0.07 -0.04  0.00
 33   38.40      0  0.00 -0.00  0.01 -0.01 -0.00  0.00  0.00  0.03 -0.01  0.01  0.02  0.02  0.01  0.05  0.01  0.04  0.09  0.12  0.17  0.20
                    0.26  0.26  0.21  0.26  0.18  0.25  0.17  0.30  0.23  0.21  0.22  0.07  0.58  0.12  0.17  0.25  0.16  0.16  0.12  0.11
                    0.08  0.18  0.18  0.05  0.00  0.17  0.23 -0.10  0.02  0.28  0.00
 34   39.60      0  0.00 -0.00  0.00  0.00 -0.01  0.00  0.01  0.03 -0.00  0.01  0.02  0.00  0.01  0.04  0.00  0.06  0.08  0.12  0.19  0.21
                    0.29  0.25  0.20  0.29  0.19  0.23  0.21  0.24  0.24  0.17  0.29  0.23  0.12  0.54  0.10  0.08  0.28  0.13  0.10  0.14
                    0.08  0.20  0.19  0.04  0.05  0.20  0.11 -0.07  0.10  0.15  0.00
 35   40.80      0  0.00 -0.00 -0.01 -0.01 -0.01  0.00  0.00  0.04  0.00 -0.01 -0.02 -0.04 -0.01  0.00  0.02  0.07  0.11  0.17  0.19  0.21
                    0.21  0.22  0.23  0.15  0.19  0.17  0.15  0.18  0.08  0.20  0.15  0.23  0.17  0.10  0.40  0.09  0.02  0.20  0.03  0.10
                    0.12  0.23  0.04  0.05  0.18  0.01 -0.05  0.18  0.06 -0.09  0.00
 36   42.00      0  0.00 -0.00  0.01  0.00 -0.01 -0.00 -0.00  0.01  0.00  0.01  0.03  0.00  0.01  0.02  0.02  0.02  0.06  0.08  0.10  0.14
                    0.15  0.15  0.13  0.14  0.13  0.15  0.12  0.18  0.11  0.11  0.16  0.17  0.25  0.08  0.09  0.59 -0.09 -0.00  0.13  0.05
                    0.08  0.11  0.08  0.06 -0.00  0.06  0.14  0.00 -0.02  0.14  0.00
 37   43.20      0  0.00 -0.00 -0.00 -0.01 -0.01 -0.00 -0.00  0.02 -0.02  0.00  0.01  0.01  0.02  0.05 -0.03  0.04  0.05  0.07  0.13  0.13
                    0.17  0.17  0.13  0.15  0.17  0.10  0.08  0.13  0.09  0.15  0.12  0.12  0.16  0.28  0.02 -0.09  0.65 -0.07 -0.02  0.12
                    0.00  0.16  0.09 -0.08  0.07  0.12 -0.04 -0.02  0.16  0.05  0.00
 38   44.40      0  0.00 -0.01 -0.01  0.00 -0.00  0.01  0.00  0.04 -0.03 -0.00 -0.00 -0.02 -0.00  0.01  0.01  0.05  0.07  0.11  0.13  0.14
                    0.19  0.16  0.14  0.18  0.09  0.15  0.09  0.16  0.11  0.09  0.16  0.09  0.16  0.13  0.20 -0.00 -0.07  0.45  0.04 -0.02
                    0.06  0.10  0.11 -0.01  0.08  0.13  0.05 -0.04  0.05  0.08  0.00
 39   45.60      0  0.00  0.02  0.01  0.01 -0.00 -0.01  0.00 -0.01  0.01  0.04  0.04  0.03  0.01  0.03  0.01  0.00  0.02  0.02  0.03  0.08
                    0.09  0.09  0.09  0.13  0.08  0.10  0.07  0.10  0.10 -0.01  0.11  0.10  0.12  0.10  0.03  0.13 -0.02  0.04  0.48 -0.22
                    0.16 -0.00  0.11  0.15 -0.00 -0.04  0.16  0.09 -0.23  0.13  0.00
 40   46.80      0  0.00 -0.01  0.02 -0.01 -0.01  0.01 -0.01  0.00  0.04 -0.00 -0.01 -0.02  0.02  0.03 -0.04  0.05  0.06  0.05  0.11  0.11
                    0.14  0.15  0.11  0.13  0.10  0.14  0.15  0.12  0.13  0.16  0.13  0.12  0.11  0.14  0.10  0.05  0.12 -0.02 -0.22  0.64
                   -0.12  0.03  0.04 -0.13  0.13  0.13  0.04 -0.08  0.22  0.03  0.00
 41   48.00      0  0.00  0.04  0.02  0.00 -0.00 -0.00  0.01 -0.01  0.03  0.02  0.02  0.01  0.00  0.00  0.02  0.03  0.04  0.08  0.07  0.10
                    0.10  0.10  0.12  0.09  0.11  0.11  0.12  0.10  0.11  0.05  0.11  0.14  0.08  0.08  0.12  0.08  0.00  0.06  0.16 -0.12
                    0.34  0.13  0.01  0.21  0.11 -0.12  0.06  0.24 -0.19 -0.03  0.00
 42   49.20      0  0.00 -0.03 -0.03 -0.01 -0.01 -0.01  0.00  0.02  0.03 -0.03 -0.03 -0.04  0.00 -0.01  0.05  0.08  0.11  0.18  0.23  0.23
                    0.23  0.26  0.23  0.21  0.19  0.24  0.21  0.25  0.16  0.27  0.20  0.21  0.18  0.20  0.23  0.11  0.16  0.10 -0.00  0.03
                    0.13  0.83 -0.24 -0.14  0.16  0.22 -0.09 -0.08  0.30 -0.05  0.00
 43   50.40      0  0.00 -0.04 -0.00  0.02 -0.01  0.01 -0.00  0.00  0.01  0.02  0.02  0.02  0.01  0.03  0.02 -0.01  0.03  0.04  0.05  0.09
                    0.14  0.11  0.08  0.18  0.06  0.13  0.15  0.16  0.18  0.02  0.18  0.08  0.18  0.19  0.04  0.08  0.09  0.11  0.11  0.04
                    0.01 -0.24  0.67  0.37 -0.38  0.18  0.23 -0.12 -0.08  0.29  0.00
 44   51.60      0  0.00 -0.12 -0.00 -0.03  0.01  0.01  0.03 -0.05  0.07  0.04  0.04  0.03  0.01 -0.02  0.07 -0.01 -0.01  0.03  0.00  0.03
                    0.05  0.03  0.08  0.05  0.03  0.14  0.18  0.10  0.19 -0.05  0.14  0.08  0.05  0.04  0.05  0.06 -0.08 -0.01  0.15 -0.13
                    0.21 -0.14  0.37  0.82 -0.37 -0.12  0.30  0.14 -0.33  0.16  0.00
 45   52.80      0  0.00 -0.00 -0.04 -0.02 -0.00  0.00  0.01  0.02  0.01 -0.01 -0.02 -0.02 -0.02  0.01 -0.04  0.06  0.07  0.10  0.10  0.14
                    0.09  0.15  0.16  0.04  0.12  0.05  0.01  0.07 -0.06  0.18  0.01  0.13  0.00  0.05  0.18 -0.00  0.07  0.08 -0.00  0.13
                    0.11  0.16 -0.38 -0.37  0.74 -0.07 -0.28  0.25  0.15 -0.24  0.00
 46   54.00      0  0.00 -0.00  0.03  0.03 -0.04 -0.03 -0.00  0.07 -0.06 -0.04 -0.04 -0.03 -0.01  0.01  0.00  0.04  0.05  0.08  0.12  0.13
                    0.18  0.15  0.09  0.19  0.05  0.14  0.08  0.19  0.09  0.13  0.14  0.05  0.17  0.20  0.01  0.06  0.12  0.13 -0.04  0.13
                   -0.12  0.22  0.18 -0.12 -0.07  0.52 -0.04 -0.29  0.33  0.13  0.00
 47   55.20      0  0.00 -0.04  0.04 -0.01  0.03 -0.00  0.00 -0.08  0.10  0.07  0.08  0.08  0.04  0.04  0.01 -0.06 -0.04 -0.11 -0.06 -0.03
                    0.07 -0.00 -0.02  0.16 -0.00  0.13  0.12  0.15  0.25 -0.10  0.18  0.01  0.23  0.11 -0.05  0.14 -0.04  0.05  0.16  0.04
                    0.06 -0.09  0.23  0.30 -0.28 -0.04  0.77 -0.26 -0.39  0.50  0.00
 48   56.40      0  0.00  0.05 -0.03 -0.04  0.02  0.02  0.02 -0.03  0.04  0.01 -0.00 -0.02 -0.01 -0.04  0.02  0.03  0.03  0.08  0.04  0.08
                   -0.02  0.06  0.13 -0.08  0.09  0.01  0.04 -0.05 -0.02  0.05 -0.04  0.14 -0.10 -0.07  0.18  0.00 -0.02 -0.04  0.09 -0.08
                    0.24 -0.08 -0.12  0.14  0.25 -0.29 -0.26  0.60 -0.11 -0.37  0.00
 49   57.60      0  0.00  0.03 -0.01  0.03 -0.04 -0.02 -0.01  0.08 -0.08 -0.08 -0.08 -0.08 -0.01 -0.01 -0.03  0.07  0.07  0.11  0.14  0.12
                    0.09  0.14  0.10  0.03  0.08  0.02 -0.01  0.08 -0.11  0.24 -0.01  0.07  0.02  0.10  0.06 -0.02  0.16  0.05 -0.23  0.22
                   -0.19  0.30 -0.08 -0.33  0.15  0.33 -0.39 -0.11  0.72 -0.28  0.00
 50   58.80      0  0.00 -0.07  0.05  0.02  0.02 -0.00  0.01 -0.03  0.05  0.05  0.08  0.07  0.03  0.06  0.00 -0.06 -0.03 -0.10 -0.04 -0.03
                    0.09  0.00 -0.05  0.21 -0.02  0.11  0.09  0.16  0.23 -0.07  0.17 -0.04  0.28  0.15 -0.09  0.14  0.05  0.08  0.13  0.03
                   -0.03 -0.05  0.29  0.16 -0.24  0.13  0.50 -0.37 -0.28  0.74  0.00
 51   60.00      0  0.00  0.00  0.00  0.00  0.00  0.00  0.00  0.00  0.00  0.00  0.00  0.00  0.00  0.00  0.00  0.00  0.00  0.00  0.00  0.00
                    0.00  0.00  0.00  0.00  0.00  0.00  0.00  0.00  0.00  0.00  0.00  0.00  0.00  0.00  0.00  0.00  0.00  0.00  0.00  0.00
                    0.00  0.00  0.00  0.00  0.00  0.00  0.00  0.00  0.00  0.00  0.00
  
 program completed
