 Processing for d_type=GPSRO  cdatetime=2006070100
  
 bufr input file=/discover/nobackup/projects/gmao/nwposse/OSSEobs/GSIORIG/GPSRO/Y2006/M07/gdas1.060701.t00z.gpsro.tm00.bufr_d opened on unit= 20
 Processing subset NC003010 for idate   2006070100
  
  21622 observation message-groups read all types
      0 observation reports found with no corresponding entry in error table
      0 read/write errors detected
  21622 observation reports processed for type = GPSRO
  
  Table of subtype report and observation value counters:
   Subtype=      745   Rep Count=    21622   Obs Count=  5362256
  
 bufr input file=/discover/nobackup/projects/gmao/nwposse/OSSEobs/GSIMOD/GPSRO/Y2006/M07/gdas1.060701.t00z.gpsro.tm00.bufr_d opened on unit= 20
 Processing subset NC003010 for idate   2006070100
  
  21622 observation message-groups read all types
      0 observation reports found with no corresponding entry in error table
      0 read/write errors detected
  21622 observation reports processed for type = GPSRO
  
  Table of subtype report and observation value counters:
   Subtype=      745   Rep Count=    21622   Obs Count=  5362256
  
Means and stdv for type=GPSRO and subtype= 745 with num=21622
lev  count       fld mean       fld stdv       dif mean       dif stdv
  1      0      0.000E+00      0.000E+00      0.000E+00      0.000E+00
  2      0      0.000E+00      0.000E+00      0.000E+00      0.000E+00
  3      0      0.000E+00      0.000E+00      0.000E+00      0.000E+00
  4      0      0.000E+00      0.000E+00      0.000E+00      0.000E+00
  5      0      0.000E+00      0.000E+00      0.000E+00      0.000E+00
  6      0      0.000E+00      0.000E+00      0.000E+00      0.000E+00
  7      0      0.000E+00      0.000E+00      0.000E+00      0.000E+00
  8    127      2.308E-02      1.241E-03      0.000E+00      0.000E+00
  9   4831      2.448E-02      2.646E-03      0.000E+00      0.000E+00
 10  11541      2.484E-02      3.684E-03      0.000E+00      0.000E+00
 11  16288      2.459E-02      4.519E-03      0.000E+00      0.000E+00
 12  19802      2.411E-02      5.251E-03      0.000E+00      0.000E+00
 13  22657      2.316E-02      5.235E-03      0.000E+00      0.000E+00
 14  24637      2.191E-02      5.005E-03      0.000E+00      0.000E+00
 15  25892      2.036E-02      3.916E-03      0.000E+00      0.000E+00
 16  26257      1.900E-02      3.352E-03      0.000E+00      0.000E+00
 17  26773      1.786E-02      2.956E-03      0.000E+00      0.000E+00
 18  27002      1.689E-02      2.633E-03      0.000E+00      0.000E+00
 19  27465      1.604E-02      2.384E-03      0.000E+00      0.000E+00
 20  27279      1.526E-02      1.990E-03      0.000E+00      0.000E+00
 21  27829      1.459E-02      1.742E-03      0.000E+00      0.000E+00
 22  25958      1.401E-02      1.577E-03      0.000E+00      0.000E+00
 23  27880      1.344E-02      1.396E-03      0.000E+00      0.000E+00
 24  27367      1.291E-02      1.251E-03      0.000E+00      0.000E+00
 25  27862      1.241E-02      1.126E-03      0.000E+00      0.000E+00
 26  27500      1.195E-02      9.926E-04      0.000E+00      0.000E+00
 27  25905      1.152E-02      8.991E-04      0.000E+00      0.000E+00
 28  27862      1.112E-02      7.970E-04      0.000E+00      0.000E+00
 29  27635      1.073E-02      7.146E-04      0.000E+00      0.000E+00
 30  28336      1.037E-02      6.291E-04      0.000E+00      0.000E+00
 31  25737      1.003E-02      5.703E-04      0.000E+00      0.000E+00
 32  28246      9.722E-03      5.147E-04      0.000E+00      0.000E+00
 33  28542      9.406E-03      4.661E-04      0.000E+00      0.000E+00
 34  25787      9.115E-03      4.312E-04      0.000E+00      0.000E+00
 35  29050      8.852E-03      4.037E-04      0.000E+00      0.000E+00
 36  28751      8.584E-03      3.803E-04      0.000E+00      0.000E+00
 37  26295      8.348E-03      3.518E-04      0.000E+00      0.000E+00
 38  29506      8.116E-03      3.199E-04      0.000E+00      0.000E+00
 39  26316      7.878E-03      2.927E-04      0.000E+00      0.000E+00
 40  30000      7.649E-03      2.766E-04      0.000E+00      0.000E+00
 41  30068      7.396E-03      2.666E-04      0.000E+00      0.000E+00
 42  26717      7.167E-03      2.618E-04      0.000E+00      0.000E+00
 43  30511      6.944E-03      2.584E-04      0.000E+00      0.000E+00
 44  26862      6.731E-03      2.566E-04      0.000E+00      0.000E+00
 45  30581      6.525E-03      2.543E-04      0.000E+00      0.000E+00
 46  27036      6.324E-03      2.517E-04      0.000E+00      0.000E+00
 47  30404      6.121E-03      2.507E-04      0.000E+00      0.000E+00
 48  27072      5.923E-03      2.549E-04      0.000E+00      0.000E+00
 49  30647      5.726E-03      2.629E-04      0.000E+00      0.000E+00
 50  26640      5.541E-03      2.675E-04      0.000E+00      0.000E+00
 51  27087      5.359E-03      2.786E-04      0.000E+00      0.000E+00
 52  30643      5.170E-03      2.888E-04      0.000E+00      0.000E+00
 53  26512      4.987E-03      2.928E-04      0.000E+00      0.000E+00
 54  30855      4.803E-03      3.110E-04      0.000E+00      0.000E+00
 55  26918      4.628E-03      3.193E-04      0.000E+00      0.000E+00
 56  26451      4.468E-03      3.268E-04      0.000E+00      0.000E+00
 57  30821      4.297E-03      3.436E-04      0.000E+00      0.000E+00
 58  26833      4.132E-03      3.536E-04      0.000E+00      0.000E+00
 59  26427      3.994E-03      3.649E-04      0.000E+00      0.000E+00
 60  30700      3.843E-03      3.780E-04      0.000E+00      0.000E+00
 61  26893      3.689E-03      3.831E-04      0.000E+00      0.000E+00
 62  26516      3.568E-03      3.891E-04      0.000E+00      0.000E+00
 63  30557      3.431E-03      3.954E-04      0.000E+00      0.000E+00
 64  26928      3.294E-03      3.930E-04      0.000E+00      0.000E+00
 65  26595      3.181E-03      3.909E-04      0.000E+00      0.000E+00
 66  26384      3.066E-03      3.855E-04      0.000E+00      0.000E+00
 67  30996      2.939E-03      3.806E-04      0.000E+00      0.000E+00
 68  26734      2.823E-03      3.688E-04      0.000E+00      0.000E+00
 69  26341      2.718E-03      3.557E-04      0.000E+00      0.000E+00
 70  26570      2.608E-03      3.419E-04      0.000E+00      0.000E+00
 71  26946      2.503E-03      3.296E-04      0.000E+00      0.000E+00
 72  30732      2.403E-03      3.139E-04      0.000E+00      0.000E+00
 73  26270      2.298E-03      2.911E-04      0.000E+00      0.000E+00
 74  27012      2.198E-03      2.739E-04      0.000E+00      0.000E+00
 75  26644      2.110E-03      2.582E-04      0.000E+00      0.000E+00
 76  26247      2.025E-03      2.396E-04      0.000E+00      0.000E+00
 77  26697      1.937E-03      2.224E-04      0.000E+00      0.000E+00
 78  31222      1.847E-03      2.078E-04      0.000E+00      0.000E+00
 79  26484      1.766E-03      1.897E-04      0.000E+00      0.000E+00
 80  26282      1.693E-03      1.762E-04      0.000E+00      0.000E+00
 81  26774      1.618E-03      1.647E-04      0.000E+00      0.000E+00
 82  26748      1.550E-03      1.531E-04      0.000E+00      0.000E+00
 83  26244      1.486E-03      1.415E-04      0.000E+00      0.000E+00
 84  26321      1.423E-03      1.326E-04      0.000E+00      0.000E+00
 85  26980      1.362E-03      1.255E-04      0.000E+00      0.000E+00
 86  26478      1.306E-03      1.161E-04      0.000E+00      0.000E+00
 87  26133      1.252E-03      1.082E-04      0.000E+00      0.000E+00
 88  26604      1.198E-03      1.028E-04      0.000E+00      0.000E+00
 89  26836      1.147E-03      9.737E-05      0.000E+00      0.000E+00
 90  26248      1.101E-03      9.057E-05      0.000E+00      0.000E+00
 91  26185      1.054E-03      8.582E-05      0.000E+00      0.000E+00
 92  26814      1.009E-03      8.211E-05      0.000E+00      0.000E+00
 93  26623      9.677E-04      7.797E-05      0.000E+00      0.000E+00
 94  26050      9.286E-04      7.431E-05      0.000E+00      0.000E+00
 95  26218      8.892E-04      7.110E-05      0.000E+00      0.000E+00
 96  26963      8.512E-04      6.839E-05      0.000E+00      0.000E+00
 97  26441      8.168E-04      6.553E-05      0.000E+00      0.000E+00
 98  25968      7.838E-04      6.310E-05      0.000E+00      0.000E+00
 99  26559      7.506E-04      6.095E-05      0.000E+00      0.000E+00
100  26848      7.183E-04      5.912E-05      0.000E+00      0.000E+00
101  26218      6.898E-04      5.661E-05      0.000E+00      0.000E+00
102  25949      6.619E-04      5.475E-05      0.000E+00      0.000E+00
103  26752      6.335E-04      5.392E-05      0.000E+00      0.000E+00
104  26696      6.071E-04      5.199E-05      0.000E+00      0.000E+00
105  26002      5.827E-04      5.007E-05      0.000E+00      0.000E+00
106  26096      5.590E-04      4.892E-05      0.000E+00      0.000E+00
107  26870      5.350E-04      4.845E-05      0.000E+00      0.000E+00
108  26498      5.136E-04      4.677E-05      0.000E+00      0.000E+00
109  21486      4.949E-04      4.470E-05      0.000E+00      0.000E+00
110  26188      4.762E-04      4.475E-05      0.000E+00      0.000E+00
111  26922      4.560E-04      4.388E-05      0.000E+00      0.000E+00
112  26406      4.381E-04      4.252E-05      0.000E+00      0.000E+00
113  25892      4.204E-04      4.142E-05      0.000E+00      0.000E+00
114  26296      4.028E-04      4.064E-05      0.000E+00      0.000E+00
115  26949      3.858E-04      3.980E-05      0.000E+00      0.000E+00
116  26264      3.707E-04      3.862E-05      0.000E+00      0.000E+00
117  25875      3.560E-04      3.770E-05      0.000E+00      0.000E+00
118  21935      3.421E-04      3.666E-05      0.000E+00      0.000E+00
119  26841      3.292E-04      3.629E-05      0.000E+00      0.000E+00
120  26139      3.161E-04      3.529E-05      0.000E+00      0.000E+00
121  25899      3.036E-04      3.420E-05      0.000E+00      0.000E+00
122  26690      2.905E-04      3.378E-05      0.000E+00      0.000E+00
123  26774      2.786E-04      3.291E-05      0.000E+00      0.000E+00
124  25962      2.677E-04      3.181E-05      0.000E+00      0.000E+00
125  21367      2.580E-04      3.037E-05      0.000E+00      0.000E+00
126  26828      2.476E-04      3.084E-05      0.000E+00      0.000E+00
127  26628      2.380E-04      2.972E-05      0.000E+00      0.000E+00
128  25982      2.287E-04      2.866E-05      0.000E+00      0.000E+00
129  25838      2.193E-04      2.810E-05      0.000E+00      0.000E+00
130  27001      2.097E-04      2.776E-05      0.000E+00      0.000E+00
131  26504      2.017E-04      2.673E-05      0.000E+00      0.000E+00
132  21378      1.949E-04      2.544E-05      0.000E+00      0.000E+00
133  25920      1.874E-04      2.546E-05      0.000E+00      0.000E+00
134  27132      1.793E-04      2.495E-05      0.000E+00      0.000E+00
135  26305      1.725E-04      2.399E-05      0.000E+00      0.000E+00
136  25867      1.657E-04      2.328E-05      0.000E+00      0.000E+00
137  21494      1.594E-04      2.249E-05      0.000E+00      0.000E+00
138  27097      1.534E-04      2.251E-05      0.000E+00      0.000E+00
139  26196      1.477E-04      2.157E-05      0.000E+00      0.000E+00
140  25840      1.419E-04      2.088E-05      0.000E+00      0.000E+00
141  26264      1.359E-04      2.056E-05      0.000E+00      0.000E+00
142  27074      1.303E-04      2.007E-05      0.000E+00      0.000E+00
143  21573      1.261E-04      1.896E-05      0.000E+00      0.000E+00
144  25741      1.217E-04      1.869E-05      0.000E+00      0.000E+00
145  26449      1.163E-04      1.850E-05      0.000E+00      0.000E+00
146  26926      1.118E-04      1.784E-05      0.000E+00      0.000E+00
147  26141      1.076E-04      1.719E-05      0.000E+00      0.000E+00
148  25666      1.034E-04      1.663E-05      0.000E+00      0.000E+00
149  22028      9.946E-05      1.620E-05      0.000E+00      0.000E+00
150  26926      9.583E-05      1.593E-05      0.000E+00      0.000E+00
151  25981      9.235E-05      1.521E-05      0.000E+00      0.000E+00
152  25667      8.873E-05      1.472E-05      0.000E+00      0.000E+00
153  26782      8.480E-05      1.460E-05      0.000E+00      0.000E+00
154  22257      8.196E-05      1.385E-05      0.000E+00      0.000E+00
155  25931      7.931E-05      1.350E-05      0.000E+00      0.000E+00
156  25588      7.618E-05      1.306E-05      0.000E+00      0.000E+00
157  27011      7.281E-05      1.291E-05      0.000E+00      0.000E+00
158  26680      7.019E-05      1.227E-05      0.000E+00      0.000E+00
159  25395      6.761E-05      1.180E-05      0.000E+00      0.000E+00
160  21123      6.528E-05      1.134E-05      0.000E+00      0.000E+00
161  26716      6.260E-05      1.136E-05      0.000E+00      0.000E+00
162  26088      6.042E-05      1.080E-05      0.000E+00      0.000E+00
163  25344      5.825E-05      1.036E-05      0.000E+00      0.000E+00
164  25325      5.594E-05      1.003E-05      0.000E+00      0.000E+00
165  22779      5.360E-05      9.981E-06      0.000E+00      0.000E+00
166  25979      5.208E-05      9.498E-06      0.000E+00      0.000E+00
167  25241      5.024E-05      9.103E-06      0.000E+00      0.000E+00
168  25306      4.819E-05      8.935E-06      0.000E+00      0.000E+00
169  26976      4.618E-05      8.788E-06      0.000E+00      0.000E+00
170  21768      4.481E-05      8.246E-06      0.000E+00      0.000E+00
171  25217      4.332E-05      8.078E-06      0.000E+00      0.000E+00
172  25390      4.160E-05      7.901E-06      0.000E+00      0.000E+00
173  27069      3.990E-05      7.740E-06      0.000E+00      0.000E+00
174  25835      3.863E-05      7.369E-06      0.000E+00      0.000E+00
175  25109      3.722E-05      7.090E-06      0.000E+00      0.000E+00
176  21443      3.579E-05      6.997E-06      0.000E+00      0.000E+00
177  27034      3.456E-05      6.840E-06      0.000E+00      0.000E+00
178  25709      3.345E-05      6.476E-06      0.000E+00      0.000E+00
179  25008      3.220E-05      6.260E-06      0.000E+00      0.000E+00
180  25807      3.087E-05      6.191E-06      0.000E+00      0.000E+00
181  22820      2.980E-05      5.981E-06      0.000E+00      0.000E+00
182  25675      2.903E-05      5.702E-06      0.000E+00      0.000E+00
183  24895      2.796E-05      5.562E-06      0.000E+00      0.000E+00
184  26042      2.680E-05      5.469E-06      0.000E+00      0.000E+00
185  26983      2.591E-05      5.224E-06      0.000E+00      0.000E+00
186  25609      2.504E-05      5.015E-06      0.000E+00      0.000E+00
187  20582      2.426E-05      4.849E-06      0.000E+00      0.000E+00
188  26314      2.335E-05      4.849E-06      0.000E+00      0.000E+00
189  26882      2.263E-05      4.636E-06      0.000E+00      0.000E+00
190  25412      2.193E-05      4.443E-06      0.000E+00      0.000E+00
191  24711      2.119E-05      4.320E-06      0.000E+00      0.000E+00
192  22493      2.033E-05      4.320E-06      0.000E+00      0.000E+00
193  26730      1.988E-05      4.094E-06      0.000E+00      0.000E+00
194  25250      1.924E-05      3.961E-06      0.000E+00      0.000E+00
195  24663      1.860E-05      3.862E-06      0.000E+00      0.000E+00
196  27076      1.786E-05      3.840E-06      0.000E+00      0.000E+00
197  19401      1.760E-05      3.594E-06      0.000E+00      0.000E+00
198   4122      1.632E-05      4.393E-06      0.000E+00      0.000E+00
199   5335      1.636E-05      3.806E-06      0.000E+00      0.000E+00
200   4643      1.606E-05      3.294E-06      0.000E+00      0.000E+00
201   4533      1.543E-05      3.216E-06      0.000E+00      0.000E+00
202   4463      1.483E-05      3.111E-06      0.000E+00      0.000E+00
203    268      1.505E-05      1.914E-06      0.000E+00      0.000E+00
204   4326      1.423E-05      3.030E-06      0.000E+00      0.000E+00
205   4287      1.369E-05      2.938E-06      0.000E+00      0.000E+00
206   4243      1.317E-05      2.837E-06      0.000E+00      0.000E+00
207   4225      1.267E-05      2.743E-06      0.000E+00      0.000E+00
208   4216      1.219E-05      2.648E-06      0.000E+00      0.000E+00
209     58      1.261E-05      7.005E-07      0.000E+00      0.000E+00
210   4180      1.172E-05      2.563E-06      0.000E+00      0.000E+00
211   4148      1.127E-05      2.484E-06      0.000E+00      0.000E+00
212   4147      1.085E-05      2.398E-06      0.000E+00      0.000E+00
213   4149      1.045E-05      2.317E-06      0.000E+00      0.000E+00
214      0      0.000E+00      0.000E+00      0.000E+00      0.000E+00
215   4150      1.006E-05      2.238E-06      0.000E+00      0.000E+00
216   4149      9.676E-06      2.162E-06      0.000E+00      0.000E+00
217   4148      9.308E-06      2.086E-06      0.000E+00      0.000E+00
218   4148      8.959E-06      2.012E-06      0.000E+00      0.000E+00
219   4148      8.627E-06      1.942E-06      0.000E+00      0.000E+00
220      0      0.000E+00      0.000E+00      0.000E+00      0.000E+00
221   4147      8.311E-06      1.875E-06      0.000E+00      0.000E+00
222   4145      8.008E-06      1.810E-06      0.000E+00      0.000E+00
223   4145      7.716E-06      1.747E-06      0.000E+00      0.000E+00
224   4144      7.430E-06      1.686E-06      0.000E+00      0.000E+00
225      0      0.000E+00      0.000E+00      0.000E+00      0.000E+00
226   4144      7.157E-06      1.628E-06      0.000E+00      0.000E+00
227   4144      6.897E-06      1.574E-06      0.000E+00      0.000E+00
228   4144      6.649E-06      1.524E-06      0.000E+00      0.000E+00
229   4143      6.412E-06      1.475E-06      0.000E+00      0.000E+00
230      0      0.000E+00      0.000E+00      0.000E+00      0.000E+00
231   4143      6.183E-06      1.428E-06      0.000E+00      0.000E+00
232   4143      5.960E-06      1.382E-06      0.000E+00      0.000E+00
233   4141      5.744E-06      1.336E-06      0.000E+00      0.000E+00
234   4142      5.537E-06      1.292E-06      0.000E+00      0.000E+00
235   4140      5.339E-06      1.249E-06      0.000E+00      0.000E+00
236      0      0.000E+00      0.000E+00      0.000E+00      0.000E+00
237   4141      5.150E-06      1.207E-06      0.000E+00      0.000E+00
238   4141      4.970E-06      1.167E-06      0.000E+00      0.000E+00
239   4139      4.795E-06      1.129E-06      0.000E+00      0.000E+00
240      0      0.000E+00      0.000E+00      0.000E+00      0.000E+00
  
Vertical correlations for type=GPSRO and subtype=9999 with num= 21622 and dlev= 1200.
 Note: The only non-zero values will be for multi-level reports
  1    0.00      0  0.00  0.00  0.00  0.00  0.00  0.00  0.00  0.00  0.00  0.00  0.00  0.00  0.00  0.00  0.00  0.00  0.00  0.00  0.00  0.00
                    0.00  0.00  0.00  0.00  0.00  0.00  0.00  0.00  0.00  0.00  0.00  0.00  0.00  0.00  0.00  0.00  0.00  0.00  0.00  0.00
                    0.00  0.00  0.00  0.00  0.00  0.00  0.00  0.00  0.00  0.00  0.00
  2    1.20      0  0.00  0.00  0.00  0.00  0.00  0.00  0.00  0.00  0.00  0.00  0.00  0.00  0.00  0.00  0.00  0.00  0.00  0.00  0.00  0.00
                    0.00  0.00  0.00  0.00  0.00  0.00  0.00  0.00  0.00  0.00  0.00  0.00  0.00  0.00  0.00  0.00  0.00  0.00  0.00  0.00
                    0.00  0.00  0.00  0.00  0.00  0.00  0.00  0.00  0.00  0.00  0.00
  3    2.40      0  0.00  0.00  0.00  0.00  0.00  0.00  0.00  0.00  0.00  0.00  0.00  0.00  0.00  0.00  0.00  0.00  0.00  0.00  0.00  0.00
                    0.00  0.00  0.00  0.00  0.00  0.00  0.00  0.00  0.00  0.00  0.00  0.00  0.00  0.00  0.00  0.00  0.00  0.00  0.00  0.00
                    0.00  0.00  0.00  0.00  0.00  0.00  0.00  0.00  0.00  0.00  0.00
  4    3.60      0  0.00  0.00  0.00  0.00  0.00  0.00  0.00  0.00  0.00  0.00  0.00  0.00  0.00  0.00  0.00  0.00  0.00  0.00  0.00  0.00
                    0.00  0.00  0.00  0.00  0.00  0.00  0.00  0.00  0.00  0.00  0.00  0.00  0.00  0.00  0.00  0.00  0.00  0.00  0.00  0.00
                    0.00  0.00  0.00  0.00  0.00  0.00  0.00  0.00  0.00  0.00  0.00
  5    4.80      0  0.00  0.00  0.00  0.00  0.00  0.00  0.00  0.00  0.00  0.00  0.00  0.00  0.00  0.00  0.00  0.00  0.00  0.00  0.00  0.00
                    0.00  0.00  0.00  0.00  0.00  0.00  0.00  0.00  0.00  0.00  0.00  0.00  0.00  0.00  0.00  0.00  0.00  0.00  0.00  0.00
                    0.00  0.00  0.00  0.00  0.00  0.00  0.00  0.00  0.00  0.00  0.00
  6    6.00      0  0.00  0.00  0.00  0.00  0.00  0.00  0.00  0.00  0.00  0.00  0.00  0.00  0.00  0.00  0.00  0.00  0.00  0.00  0.00  0.00
                    0.00  0.00  0.00  0.00  0.00  0.00  0.00  0.00  0.00  0.00  0.00  0.00  0.00  0.00  0.00  0.00  0.00  0.00  0.00  0.00
                    0.00  0.00  0.00  0.00  0.00  0.00  0.00  0.00  0.00  0.00  0.00
  7    7.20      0  0.00  0.00  0.00  0.00  0.00  0.00  0.00  0.00  0.00  0.00  0.00  0.00  0.00  0.00  0.00  0.00  0.00  0.00  0.00  0.00
                    0.00  0.00  0.00  0.00  0.00  0.00  0.00  0.00  0.00  0.00  0.00  0.00  0.00  0.00  0.00  0.00  0.00  0.00  0.00  0.00
                    0.00  0.00  0.00  0.00  0.00  0.00  0.00  0.00  0.00  0.00  0.00
  8    8.40      0  0.00  0.00  0.00  0.00  0.00  0.00  0.00  0.00  0.00  0.00  0.00  0.00  0.00  0.00  0.00  0.00  0.00  0.00  0.00  0.00
                    0.00  0.00  0.00  0.00  0.00  0.00  0.00  0.00  0.00  0.00  0.00  0.00  0.00  0.00  0.00  0.00  0.00  0.00  0.00  0.00
                    0.00  0.00  0.00  0.00  0.00  0.00  0.00  0.00  0.00  0.00  0.00
  9    9.60      0  0.00  0.00  0.00  0.00  0.00  0.00  0.00  0.00  0.00  0.00  0.00  0.00  0.00  0.00  0.00  0.00  0.00  0.00  0.00  0.00
                    0.00  0.00  0.00  0.00  0.00  0.00  0.00  0.00  0.00  0.00  0.00  0.00  0.00  0.00  0.00  0.00  0.00  0.00  0.00  0.00
                    0.00  0.00  0.00  0.00  0.00  0.00  0.00  0.00  0.00  0.00  0.00
 10   10.80      0  0.00  0.00  0.00  0.00  0.00  0.00  0.00  0.00  0.00  0.00  0.00  0.00  0.00  0.00  0.00  0.00  0.00  0.00  0.00  0.00
                    0.00  0.00  0.00  0.00  0.00  0.00  0.00  0.00  0.00  0.00  0.00  0.00  0.00  0.00  0.00  0.00  0.00  0.00  0.00  0.00
                    0.00  0.00  0.00  0.00  0.00  0.00  0.00  0.00  0.00  0.00  0.00
 11   12.00      0  0.00  0.00  0.00  0.00  0.00  0.00  0.00  0.00  0.00  0.00  0.00  0.00  0.00  0.00  0.00  0.00  0.00  0.00  0.00  0.00
                    0.00  0.00  0.00  0.00  0.00  0.00  0.00  0.00  0.00  0.00  0.00  0.00  0.00  0.00  0.00  0.00  0.00  0.00  0.00  0.00
                    0.00  0.00  0.00  0.00  0.00  0.00  0.00  0.00  0.00  0.00  0.00
 12   13.20      0  0.00  0.00  0.00  0.00  0.00  0.00  0.00  0.00  0.00  0.00  0.00  0.00  0.00  0.00  0.00  0.00  0.00  0.00  0.00  0.00
                    0.00  0.00  0.00  0.00  0.00  0.00  0.00  0.00  0.00  0.00  0.00  0.00  0.00  0.00  0.00  0.00  0.00  0.00  0.00  0.00
                    0.00  0.00  0.00  0.00  0.00  0.00  0.00  0.00  0.00  0.00  0.00
 13   14.40      0  0.00  0.00  0.00  0.00  0.00  0.00  0.00  0.00  0.00  0.00  0.00  0.00  0.00  0.00  0.00  0.00  0.00  0.00  0.00  0.00
                    0.00  0.00  0.00  0.00  0.00  0.00  0.00  0.00  0.00  0.00  0.00  0.00  0.00  0.00  0.00  0.00  0.00  0.00  0.00  0.00
                    0.00  0.00  0.00  0.00  0.00  0.00  0.00  0.00  0.00  0.00  0.00
 14   15.60      0  0.00  0.00  0.00  0.00  0.00  0.00  0.00  0.00  0.00  0.00  0.00  0.00  0.00  0.00  0.00  0.00  0.00  0.00  0.00  0.00
                    0.00  0.00  0.00  0.00  0.00  0.00  0.00  0.00  0.00  0.00  0.00  0.00  0.00  0.00  0.00  0.00  0.00  0.00  0.00  0.00
                    0.00  0.00  0.00  0.00  0.00  0.00  0.00  0.00  0.00  0.00  0.00
 15   16.80      0  0.00  0.00  0.00  0.00  0.00  0.00  0.00  0.00  0.00  0.00  0.00  0.00  0.00  0.00  0.00  0.00  0.00  0.00  0.00  0.00
                    0.00  0.00  0.00  0.00  0.00  0.00  0.00  0.00  0.00  0.00  0.00  0.00  0.00  0.00  0.00  0.00  0.00  0.00  0.00  0.00
                    0.00  0.00  0.00  0.00  0.00  0.00  0.00  0.00  0.00  0.00  0.00
 16   18.00      0  0.00  0.00  0.00  0.00  0.00  0.00  0.00  0.00  0.00  0.00  0.00  0.00  0.00  0.00  0.00  0.00  0.00  0.00  0.00  0.00
                    0.00  0.00  0.00  0.00  0.00  0.00  0.00  0.00  0.00  0.00  0.00  0.00  0.00  0.00  0.00  0.00  0.00  0.00  0.00  0.00
                    0.00  0.00  0.00  0.00  0.00  0.00  0.00  0.00  0.00  0.00  0.00
 17   19.20      0  0.00  0.00  0.00  0.00  0.00  0.00  0.00  0.00  0.00  0.00  0.00  0.00  0.00  0.00  0.00  0.00  0.00  0.00  0.00  0.00
                    0.00  0.00  0.00  0.00  0.00  0.00  0.00  0.00  0.00  0.00  0.00  0.00  0.00  0.00  0.00  0.00  0.00  0.00  0.00  0.00
                    0.00  0.00  0.00  0.00  0.00  0.00  0.00  0.00  0.00  0.00  0.00
 18   20.40      0  0.00  0.00  0.00  0.00  0.00  0.00  0.00  0.00  0.00  0.00  0.00  0.00  0.00  0.00  0.00  0.00  0.00  0.00  0.00  0.00
                    0.00  0.00  0.00  0.00  0.00  0.00  0.00  0.00  0.00  0.00  0.00  0.00  0.00  0.00  0.00  0.00  0.00  0.00  0.00  0.00
                    0.00  0.00  0.00  0.00  0.00  0.00  0.00  0.00  0.00  0.00  0.00
 19   21.60      0  0.00  0.00  0.00  0.00  0.00  0.00  0.00  0.00  0.00  0.00  0.00  0.00  0.00  0.00  0.00  0.00  0.00  0.00  0.00  0.00
                    0.00  0.00  0.00  0.00  0.00  0.00  0.00  0.00  0.00  0.00  0.00  0.00  0.00  0.00  0.00  0.00  0.00  0.00  0.00  0.00
                    0.00  0.00  0.00  0.00  0.00  0.00  0.00  0.00  0.00  0.00  0.00
 20   22.80      0  0.00  0.00  0.00  0.00  0.00  0.00  0.00  0.00  0.00  0.00  0.00  0.00  0.00  0.00  0.00  0.00  0.00  0.00  0.00  0.00
                    0.00  0.00  0.00  0.00  0.00  0.00  0.00  0.00  0.00  0.00  0.00  0.00  0.00  0.00  0.00  0.00  0.00  0.00  0.00  0.00
                    0.00  0.00  0.00  0.00  0.00  0.00  0.00  0.00  0.00  0.00  0.00
 21   24.00      0  0.00  0.00  0.00  0.00  0.00  0.00  0.00  0.00  0.00  0.00  0.00  0.00  0.00  0.00  0.00  0.00  0.00  0.00  0.00  0.00
                    0.00  0.00  0.00  0.00  0.00  0.00  0.00  0.00  0.00  0.00  0.00  0.00  0.00  0.00  0.00  0.00  0.00  0.00  0.00  0.00
                    0.00  0.00  0.00  0.00  0.00  0.00  0.00  0.00  0.00  0.00  0.00
 22   25.20      0  0.00  0.00  0.00  0.00  0.00  0.00  0.00  0.00  0.00  0.00  0.00  0.00  0.00  0.00  0.00  0.00  0.00  0.00  0.00  0.00
                    0.00  0.00  0.00  0.00  0.00  0.00  0.00  0.00  0.00  0.00  0.00  0.00  0.00  0.00  0.00  0.00  0.00  0.00  0.00  0.00
                    0.00  0.00  0.00  0.00  0.00  0.00  0.00  0.00  0.00  0.00  0.00
 23   26.40      0  0.00  0.00  0.00  0.00  0.00  0.00  0.00  0.00  0.00  0.00  0.00  0.00  0.00  0.00  0.00  0.00  0.00  0.00  0.00  0.00
                    0.00  0.00  0.00  0.00  0.00  0.00  0.00  0.00  0.00  0.00  0.00  0.00  0.00  0.00  0.00  0.00  0.00  0.00  0.00  0.00
                    0.00  0.00  0.00  0.00  0.00  0.00  0.00  0.00  0.00  0.00  0.00
 24   27.60      0  0.00  0.00  0.00  0.00  0.00  0.00  0.00  0.00  0.00  0.00  0.00  0.00  0.00  0.00  0.00  0.00  0.00  0.00  0.00  0.00
                    0.00  0.00  0.00  0.00  0.00  0.00  0.00  0.00  0.00  0.00  0.00  0.00  0.00  0.00  0.00  0.00  0.00  0.00  0.00  0.00
                    0.00  0.00  0.00  0.00  0.00  0.00  0.00  0.00  0.00  0.00  0.00
 25   28.80      0  0.00  0.00  0.00  0.00  0.00  0.00  0.00  0.00  0.00  0.00  0.00  0.00  0.00  0.00  0.00  0.00  0.00  0.00  0.00  0.00
                    0.00  0.00  0.00  0.00  0.00  0.00  0.00  0.00  0.00  0.00  0.00  0.00  0.00  0.00  0.00  0.00  0.00  0.00  0.00  0.00
                    0.00  0.00  0.00  0.00  0.00  0.00  0.00  0.00  0.00  0.00  0.00
 26   30.00      0  0.00  0.00  0.00  0.00  0.00  0.00  0.00  0.00  0.00  0.00  0.00  0.00  0.00  0.00  0.00  0.00  0.00  0.00  0.00  0.00
                    0.00  0.00  0.00  0.00  0.00  0.00  0.00  0.00  0.00  0.00  0.00  0.00  0.00  0.00  0.00  0.00  0.00  0.00  0.00  0.00
                    0.00  0.00  0.00  0.00  0.00  0.00  0.00  0.00  0.00  0.00  0.00
 27   31.20      0  0.00  0.00  0.00  0.00  0.00  0.00  0.00  0.00  0.00  0.00  0.00  0.00  0.00  0.00  0.00  0.00  0.00  0.00  0.00  0.00
                    0.00  0.00  0.00  0.00  0.00  0.00  0.00  0.00  0.00  0.00  0.00  0.00  0.00  0.00  0.00  0.00  0.00  0.00  0.00  0.00
                    0.00  0.00  0.00  0.00  0.00  0.00  0.00  0.00  0.00  0.00  0.00
 28   32.40      0  0.00  0.00  0.00  0.00  0.00  0.00  0.00  0.00  0.00  0.00  0.00  0.00  0.00  0.00  0.00  0.00  0.00  0.00  0.00  0.00
                    0.00  0.00  0.00  0.00  0.00  0.00  0.00  0.00  0.00  0.00  0.00  0.00  0.00  0.00  0.00  0.00  0.00  0.00  0.00  0.00
                    0.00  0.00  0.00  0.00  0.00  0.00  0.00  0.00  0.00  0.00  0.00
 29   33.60      0  0.00  0.00  0.00  0.00  0.00  0.00  0.00  0.00  0.00  0.00  0.00  0.00  0.00  0.00  0.00  0.00  0.00  0.00  0.00  0.00
                    0.00  0.00  0.00  0.00  0.00  0.00  0.00  0.00  0.00  0.00  0.00  0.00  0.00  0.00  0.00  0.00  0.00  0.00  0.00  0.00
                    0.00  0.00  0.00  0.00  0.00  0.00  0.00  0.00  0.00  0.00  0.00
 30   34.80      0  0.00  0.00  0.00  0.00  0.00  0.00  0.00  0.00  0.00  0.00  0.00  0.00  0.00  0.00  0.00  0.00  0.00  0.00  0.00  0.00
                    0.00  0.00  0.00  0.00  0.00  0.00  0.00  0.00  0.00  0.00  0.00  0.00  0.00  0.00  0.00  0.00  0.00  0.00  0.00  0.00
                    0.00  0.00  0.00  0.00  0.00  0.00  0.00  0.00  0.00  0.00  0.00
 31   36.00      0  0.00  0.00  0.00  0.00  0.00  0.00  0.00  0.00  0.00  0.00  0.00  0.00  0.00  0.00  0.00  0.00  0.00  0.00  0.00  0.00
                    0.00  0.00  0.00  0.00  0.00  0.00  0.00  0.00  0.00  0.00  0.00  0.00  0.00  0.00  0.00  0.00  0.00  0.00  0.00  0.00
                    0.00  0.00  0.00  0.00  0.00  0.00  0.00  0.00  0.00  0.00  0.00
 32   37.20      0  0.00  0.00  0.00  0.00  0.00  0.00  0.00  0.00  0.00  0.00  0.00  0.00  0.00  0.00  0.00  0.00  0.00  0.00  0.00  0.00
                    0.00  0.00  0.00  0.00  0.00  0.00  0.00  0.00  0.00  0.00  0.00  0.00  0.00  0.00  0.00  0.00  0.00  0.00  0.00  0.00
                    0.00  0.00  0.00  0.00  0.00  0.00  0.00  0.00  0.00  0.00  0.00
 33   38.40      0  0.00  0.00  0.00  0.00  0.00  0.00  0.00  0.00  0.00  0.00  0.00  0.00  0.00  0.00  0.00  0.00  0.00  0.00  0.00  0.00
                    0.00  0.00  0.00  0.00  0.00  0.00  0.00  0.00  0.00  0.00  0.00  0.00  0.00  0.00  0.00  0.00  0.00  0.00  0.00  0.00
                    0.00  0.00  0.00  0.00  0.00  0.00  0.00  0.00  0.00  0.00  0.00
 34   39.60      0  0.00  0.00  0.00  0.00  0.00  0.00  0.00  0.00  0.00  0.00  0.00  0.00  0.00  0.00  0.00  0.00  0.00  0.00  0.00  0.00
                    0.00  0.00  0.00  0.00  0.00  0.00  0.00  0.00  0.00  0.00  0.00  0.00  0.00  0.00  0.00  0.00  0.00  0.00  0.00  0.00
                    0.00  0.00  0.00  0.00  0.00  0.00  0.00  0.00  0.00  0.00  0.00
 35   40.80      0  0.00  0.00  0.00  0.00  0.00  0.00  0.00  0.00  0.00  0.00  0.00  0.00  0.00  0.00  0.00  0.00  0.00  0.00  0.00  0.00
                    0.00  0.00  0.00  0.00  0.00  0.00  0.00  0.00  0.00  0.00  0.00  0.00  0.00  0.00  0.00  0.00  0.00  0.00  0.00  0.00
                    0.00  0.00  0.00  0.00  0.00  0.00  0.00  0.00  0.00  0.00  0.00
 36   42.00      0  0.00  0.00  0.00  0.00  0.00  0.00  0.00  0.00  0.00  0.00  0.00  0.00  0.00  0.00  0.00  0.00  0.00  0.00  0.00  0.00
                    0.00  0.00  0.00  0.00  0.00  0.00  0.00  0.00  0.00  0.00  0.00  0.00  0.00  0.00  0.00  0.00  0.00  0.00  0.00  0.00
                    0.00  0.00  0.00  0.00  0.00  0.00  0.00  0.00  0.00  0.00  0.00
 37   43.20      0  0.00  0.00  0.00  0.00  0.00  0.00  0.00  0.00  0.00  0.00  0.00  0.00  0.00  0.00  0.00  0.00  0.00  0.00  0.00  0.00
                    0.00  0.00  0.00  0.00  0.00  0.00  0.00  0.00  0.00  0.00  0.00  0.00  0.00  0.00  0.00  0.00  0.00  0.00  0.00  0.00
                    0.00  0.00  0.00  0.00  0.00  0.00  0.00  0.00  0.00  0.00  0.00
 38   44.40      0  0.00  0.00  0.00  0.00  0.00  0.00  0.00  0.00  0.00  0.00  0.00  0.00  0.00  0.00  0.00  0.00  0.00  0.00  0.00  0.00
                    0.00  0.00  0.00  0.00  0.00  0.00  0.00  0.00  0.00  0.00  0.00  0.00  0.00  0.00  0.00  0.00  0.00  0.00  0.00  0.00
                    0.00  0.00  0.00  0.00  0.00  0.00  0.00  0.00  0.00  0.00  0.00
 39   45.60      0  0.00  0.00  0.00  0.00  0.00  0.00  0.00  0.00  0.00  0.00  0.00  0.00  0.00  0.00  0.00  0.00  0.00  0.00  0.00  0.00
                    0.00  0.00  0.00  0.00  0.00  0.00  0.00  0.00  0.00  0.00  0.00  0.00  0.00  0.00  0.00  0.00  0.00  0.00  0.00  0.00
                    0.00  0.00  0.00  0.00  0.00  0.00  0.00  0.00  0.00  0.00  0.00
 40   46.80      0  0.00  0.00  0.00  0.00  0.00  0.00  0.00  0.00  0.00  0.00  0.00  0.00  0.00  0.00  0.00  0.00  0.00  0.00  0.00  0.00
                    0.00  0.00  0.00  0.00  0.00  0.00  0.00  0.00  0.00  0.00  0.00  0.00  0.00  0.00  0.00  0.00  0.00  0.00  0.00  0.00
                    0.00  0.00  0.00  0.00  0.00  0.00  0.00  0.00  0.00  0.00  0.00
 41   48.00      0  0.00  0.00  0.00  0.00  0.00  0.00  0.00  0.00  0.00  0.00  0.00  0.00  0.00  0.00  0.00  0.00  0.00  0.00  0.00  0.00
                    0.00  0.00  0.00  0.00  0.00  0.00  0.00  0.00  0.00  0.00  0.00  0.00  0.00  0.00  0.00  0.00  0.00  0.00  0.00  0.00
                    0.00  0.00  0.00  0.00  0.00  0.00  0.00  0.00  0.00  0.00  0.00
 42   49.20      0  0.00  0.00  0.00  0.00  0.00  0.00  0.00  0.00  0.00  0.00  0.00  0.00  0.00  0.00  0.00  0.00  0.00  0.00  0.00  0.00
                    0.00  0.00  0.00  0.00  0.00  0.00  0.00  0.00  0.00  0.00  0.00  0.00  0.00  0.00  0.00  0.00  0.00  0.00  0.00  0.00
                    0.00  0.00  0.00  0.00  0.00  0.00  0.00  0.00  0.00  0.00  0.00
 43   50.40      0  0.00  0.00  0.00  0.00  0.00  0.00  0.00  0.00  0.00  0.00  0.00  0.00  0.00  0.00  0.00  0.00  0.00  0.00  0.00  0.00
                    0.00  0.00  0.00  0.00  0.00  0.00  0.00  0.00  0.00  0.00  0.00  0.00  0.00  0.00  0.00  0.00  0.00  0.00  0.00  0.00
                    0.00  0.00  0.00  0.00  0.00  0.00  0.00  0.00  0.00  0.00  0.00
 44   51.60      0  0.00  0.00  0.00  0.00  0.00  0.00  0.00  0.00  0.00  0.00  0.00  0.00  0.00  0.00  0.00  0.00  0.00  0.00  0.00  0.00
                    0.00  0.00  0.00  0.00  0.00  0.00  0.00  0.00  0.00  0.00  0.00  0.00  0.00  0.00  0.00  0.00  0.00  0.00  0.00  0.00
                    0.00  0.00  0.00  0.00  0.00  0.00  0.00  0.00  0.00  0.00  0.00
 45   52.80      0  0.00  0.00  0.00  0.00  0.00  0.00  0.00  0.00  0.00  0.00  0.00  0.00  0.00  0.00  0.00  0.00  0.00  0.00  0.00  0.00
                    0.00  0.00  0.00  0.00  0.00  0.00  0.00  0.00  0.00  0.00  0.00  0.00  0.00  0.00  0.00  0.00  0.00  0.00  0.00  0.00
                    0.00  0.00  0.00  0.00  0.00  0.00  0.00  0.00  0.00  0.00  0.00
 46   54.00      0  0.00  0.00  0.00  0.00  0.00  0.00  0.00  0.00  0.00  0.00  0.00  0.00  0.00  0.00  0.00  0.00  0.00  0.00  0.00  0.00
                    0.00  0.00  0.00  0.00  0.00  0.00  0.00  0.00  0.00  0.00  0.00  0.00  0.00  0.00  0.00  0.00  0.00  0.00  0.00  0.00
                    0.00  0.00  0.00  0.00  0.00  0.00  0.00  0.00  0.00  0.00  0.00
 47   55.20      0  0.00  0.00  0.00  0.00  0.00  0.00  0.00  0.00  0.00  0.00  0.00  0.00  0.00  0.00  0.00  0.00  0.00  0.00  0.00  0.00
                    0.00  0.00  0.00  0.00  0.00  0.00  0.00  0.00  0.00  0.00  0.00  0.00  0.00  0.00  0.00  0.00  0.00  0.00  0.00  0.00
                    0.00  0.00  0.00  0.00  0.00  0.00  0.00  0.00  0.00  0.00  0.00
 48   56.40      0  0.00  0.00  0.00  0.00  0.00  0.00  0.00  0.00  0.00  0.00  0.00  0.00  0.00  0.00  0.00  0.00  0.00  0.00  0.00  0.00
                    0.00  0.00  0.00  0.00  0.00  0.00  0.00  0.00  0.00  0.00  0.00  0.00  0.00  0.00  0.00  0.00  0.00  0.00  0.00  0.00
                    0.00  0.00  0.00  0.00  0.00  0.00  0.00  0.00  0.00  0.00  0.00
 49   57.60      0  0.00  0.00  0.00  0.00  0.00  0.00  0.00  0.00  0.00  0.00  0.00  0.00  0.00  0.00  0.00  0.00  0.00  0.00  0.00  0.00
                    0.00  0.00  0.00  0.00  0.00  0.00  0.00  0.00  0.00  0.00  0.00  0.00  0.00  0.00  0.00  0.00  0.00  0.00  0.00  0.00
                    0.00  0.00  0.00  0.00  0.00  0.00  0.00  0.00  0.00  0.00  0.00
 50   58.80      0  0.00  0.00  0.00  0.00  0.00  0.00  0.00  0.00  0.00  0.00  0.00  0.00  0.00  0.00  0.00  0.00  0.00  0.00  0.00  0.00
                    0.00  0.00  0.00  0.00  0.00  0.00  0.00  0.00  0.00  0.00  0.00  0.00  0.00  0.00  0.00  0.00  0.00  0.00  0.00  0.00
                    0.00  0.00  0.00  0.00  0.00  0.00  0.00  0.00  0.00  0.00  0.00
 51   60.00      0  0.00  0.00  0.00  0.00  0.00  0.00  0.00  0.00  0.00  0.00  0.00  0.00  0.00  0.00  0.00  0.00  0.00  0.00  0.00  0.00
                    0.00  0.00  0.00  0.00  0.00  0.00  0.00  0.00  0.00  0.00  0.00  0.00  0.00  0.00  0.00  0.00  0.00  0.00  0.00  0.00
                    0.00  0.00  0.00  0.00  0.00  0.00  0.00  0.00  0.00  0.00  0.00
  
 program completed
