 Processing for d_type=GPSRO  cdatetime=2006070100
  
 bufr input file=/discover/nobackup/projects/gmao/nwposse/OSSEobs/ROPP1D/GPSRO/Y2006/M07/gdas1.060701.t00z.gpsro.tm00.bufr_d opened on unit= 20
 Processing subset NC003010 for idate   2006070100
  
  21622 observation message-groups read all types
      0 observation reports found with no corresponding entry in error table
      0 read/write errors detected
  21622 observation reports processed for type = GPSRO
  
  Table of subtype report and observation value counters:
   Subtype=      745   Rep Count=    21622   Obs Count=  5362256
  
 bufr input file=/discover/nobackup/projects/gmao/nwposse/OSSEobs/ROPP2D/GPSRO/Y2006/M07/gdas1.060701.t00z.gpsro.tm00.bufr_d opened on unit= 20
 Processing subset NC003010 for idate   2006070100
  
  21622 observation message-groups read all types
      0 observation reports found with no corresponding entry in error table
      0 read/write errors detected
  21622 observation reports processed for type = GPSRO
  
  Table of subtype report and observation value counters:
   Subtype=      745   Rep Count=    21622   Obs Count=  5362256
  
Means and stdv for type=GPSRO and subtype= 745 with num=21622
lev  count       fld mean       fld stdv       dif mean       dif stdv
  1      0      0.000E+00      0.000E+00      0.000E+00      0.000E+00
  2      0      0.000E+00      0.000E+00      0.000E+00      0.000E+00
  3      0      0.000E+00      0.000E+00      0.000E+00      0.000E+00
  4      0      0.000E+00      0.000E+00      0.000E+00      0.000E+00
  5      0      0.000E+00      0.000E+00      0.000E+00      0.000E+00
  6      0      0.000E+00      0.000E+00      0.000E+00      0.000E+00
  7      0      0.000E+00      0.000E+00      0.000E+00      0.000E+00
  8    127      2.301E-02      1.419E-03      5.616E-06      4.740E-04
  9   4845      2.443E-02      2.385E-03     -3.447E-06      9.799E-04
 10  11559      2.469E-02      3.240E-03     -1.265E-05      1.249E-03
 11  16316      2.444E-02      4.073E-03     -1.230E-05      1.654E-03
 12  19862      2.388E-02      4.683E-03     -7.653E-07      1.995E-03
 13  22728      2.294E-02      4.738E-03     -5.151E-05      2.044E-03
 14  24702      2.174E-02      4.513E-03     -5.004E-05      1.877E-03
 15  25899      2.039E-02      4.056E-03     -6.788E-05      1.557E-03
 16  26259      1.901E-02      3.435E-03     -4.616E-05      1.232E-03
 17  26777      1.788E-02      3.039E-03     -2.742E-05      1.078E-03
 18  27004      1.689E-02      2.671E-03     -2.938E-05      9.343E-04
 19  27470      1.605E-02      2.351E-03     -2.713E-05      7.898E-04
 20  27283      1.529E-02      2.034E-03     -2.510E-05      6.619E-04
 21  27831      1.461E-02      1.801E-03     -2.445E-05      5.774E-04
 22  25958      1.403E-02      1.653E-03     -1.817E-05      5.239E-04
 23  27880      1.345E-02      1.441E-03     -1.072E-05      4.523E-04
 24  27367      1.293E-02      1.308E-03     -5.893E-06      3.979E-04
 25  27862      1.241E-02      1.152E-03     -5.689E-06      3.431E-04
 26  27500      1.196E-02      1.042E-03     -5.284E-06      2.942E-04
 27  25905      1.153E-02      9.260E-04     -1.682E-06      2.592E-04
 28  27862      1.113E-02      8.263E-04     -2.247E-06      2.237E-04
 29  27635      1.074E-02      7.294E-04     -1.811E-07      1.900E-04
 30  28336      1.038E-02      6.536E-04     -1.315E-06      1.617E-04
 31  25737      1.004E-02      5.820E-04     -1.610E-06      1.472E-04
 32  28246      9.730E-03      5.304E-04     -3.339E-07      1.294E-04
 33  28542      9.418E-03      4.750E-04     -1.230E-06      1.062E-04
 34  25787      9.129E-03      4.329E-04     -1.367E-06      9.284E-05
 35  29050      8.861E-03      4.022E-04     -2.674E-06      8.051E-05
 36  28751      8.580E-03      3.655E-04     -2.852E-06      6.927E-05
 37  26295      8.325E-03      3.361E-04     -2.939E-06      6.013E-05
 38  29506      8.081E-03      3.188E-04     -2.686E-06      4.985E-05
 39  26316      7.839E-03      3.003E-04     -2.061E-06      3.831E-05
 40  30000      7.613E-03      2.881E-04     -6.273E-07      1.928E-05
 41  30068      7.365E-03      2.804E-04     -3.066E-12      1.271E-09
 42  26717      7.154E-03      2.759E-04      1.152E-11      1.382E-09
 43  30511      6.943E-03      2.703E-04      1.908E-12      1.256E-09
 44  26862      6.731E-03      2.611E-04     -1.009E-11      9.929E-10
 45  30581      6.515E-03      2.540E-04     -6.015E-12      1.158E-09
 46  27036      6.315E-03      2.533E-04      1.004E-11      1.326E-09
 47  30404      6.121E-03      2.600E-04      7.198E-13      1.125E-09
 48  27072      5.929E-03      2.638E-04      4.833E-12      6.905E-10
 49  30647      5.728E-03      2.631E-04      1.261E-12      7.779E-10
 50  26640      5.537E-03      2.652E-04      3.024E-12      5.066E-10
 51  27087      5.357E-03      2.808E-04      1.788E-12      4.584E-10
 52  30643      5.175E-03      2.944E-04     -6.686E-13      4.342E-10
 53  26512      4.993E-03      2.958E-04      3.513E-13      4.202E-10
 54  30855      4.803E-03      3.107E-04     -2.867E-12      4.992E-10
 55  26918      4.625E-03      3.168E-04     -3.685E-12      4.709E-10
 56  26451      4.469E-03      3.260E-04     -1.893E-12      3.305E-10
 57  30821      4.305E-03      3.487E-04     -5.968E-13      3.319E-10
 58  26833      4.133E-03      3.539E-04      4.122E-12      4.766E-10
 59  26427      3.988E-03      3.593E-04     -7.665E-13      3.127E-10
 60  30700      3.840E-03      3.747E-04     -2.882E-13      3.562E-10
 61  26893      3.695E-03      3.904E-04     -1.879E-12      2.517E-10
 62  26516      3.569E-03      3.891E-04     -5.260E-12      2.739E-10
 63  30557      3.427E-03      3.895E-04     -1.958E-12      3.028E-10
 64  26928      3.294E-03      3.925E-04      1.729E-14      3.223E-10
 65  26595      3.186E-03      3.970E-04      7.529E-13      2.745E-10
 66  26384      3.066E-03      3.848E-04     -3.883E-13      2.821E-10
 67  30996      2.937E-03      3.761E-04      1.292E-12      2.543E-10
 68  26734      2.826E-03      3.727E-04      2.979E-12      2.732E-10
 69  26341      2.721E-03      3.602E-04      1.149E-12      2.385E-10
 70  26570      2.609E-03      3.414E-04      7.536E-13      3.009E-10
 71  26946      2.503E-03      3.277E-04     -7.431E-13      2.282E-10
 72  30732      2.405E-03      3.172E-04      7.576E-15      2.551E-10
 73  26270      2.301E-03      2.948E-04     -7.622E-13      2.136E-10
 74  27012      2.200E-03      2.753E-04     -1.293E-14      2.720E-10
 75  26644      2.111E-03      2.584E-04      2.250E-12      2.875E-10
 76  26247      2.026E-03      2.406E-04     -1.521E-12      2.134E-10
 77  26697      1.939E-03      2.244E-04      0.000E+00      2.123E-10
 78  31222      1.849E-03      2.100E-04     -1.924E-12      2.266E-10
 79  26484      1.767E-03      1.903E-04     -1.130E-12      2.381E-10
 80  26282      1.693E-03      1.760E-04     -7.619E-13      2.467E-10
 81  26774      1.619E-03      1.651E-04     -3.783E-13      1.833E-10
 82  26748      1.552E-03      1.545E-04      3.743E-13      2.030E-10
 83  26244      1.488E-03      1.425E-04      1.144E-12      1.382E-10
 84  26321      1.424E-03      1.331E-04     -3.804E-13      1.633E-10
 85  26980      1.363E-03      1.261E-04     -1.113E-12      2.361E-10
 86  26478      1.307E-03      1.173E-04      3.021E-12      2.300E-10
 87  26133      1.253E-03      1.091E-04      1.198E-10      1.924E-08
 88  26604      1.198E-03      1.028E-04      7.526E-13      1.941E-10
 89  26836      1.148E-03      9.753E-05      7.418E-13      1.219E-10
 90  26248      1.102E-03      9.126E-05      3.748E-13      2.046E-10
 91  26185      1.056E-03      8.662E-05     -3.846E-13      2.049E-10
 92  26814      1.009E-03      8.213E-05      1.491E-12      1.728E-10
 93  26623      9.682E-04      7.787E-05     -1.509E-12      2.121E-10
 94  26050      9.293E-04      7.444E-05      7.687E-13      1.752E-10
 95  26218      8.903E-04      7.161E-05     -1.907E-12      2.049E-10
 96  26963      8.519E-04      6.867E-05     -2.159E-15      1.218E-10
 97  26441      8.174E-04      6.562E-05      7.573E-13      8.707E-11
 98  25968      7.845E-04      6.320E-05      2.242E-15      1.961E-10
 99  26559      7.516E-04      6.123E-05      1.506E-12      1.227E-10
100  26848      7.192E-04      5.946E-05     -7.436E-13      1.727E-10
101  26218      6.902E-04      5.670E-05      7.637E-13      1.746E-10
102  25949      6.623E-04      5.472E-05     -2.243E-15      8.764E-11
103  26752      6.341E-04      5.391E-05     -1.088E-15      1.222E-10
104  26696      6.080E-04      5.213E-05     -3.728E-13      1.059E-10
105  26002      5.833E-04      5.017E-05      0.000E+00      1.242E-10
106  26096      5.594E-04      4.887E-05      3.814E-13      1.071E-10
107  26870      5.353E-04      4.835E-05      0.000E+00      1.724E-10
108  26498      5.140E-04      4.676E-05      7.557E-13      1.230E-10
109  21486      4.954E-04      4.477E-05     -4.633E-13      1.181E-10
110  26188      4.765E-04      4.481E-05     -3.790E-13      1.635E-10
111  26922      4.563E-04      4.388E-05      3.730E-13      1.054E-10
112  26406      4.385E-04      4.249E-05     -3.780E-13      1.066E-10
113  25892      4.210E-04      4.143E-05      3.855E-13      6.204E-11
114  26296      4.034E-04      4.069E-05      7.604E-13      8.718E-11
115  26949      3.863E-04      3.984E-05      0.000E+00      0.000E+00
116  26264      3.710E-04      3.858E-05      3.812E-13      1.068E-10
117  25875      3.562E-04      3.760E-05      0.000E+00      0.000E+00
118  21935      3.424E-04      3.660E-05      4.564E-13      6.760E-11
119  26841      3.297E-04      3.628E-05      1.084E-15      8.630E-11
120  26139      3.165E-04      3.531E-05      0.000E+00      0.000E+00
121  25899      3.039E-04      3.420E-05      3.866E-13      6.221E-11
122  26690      2.908E-04      3.375E-05      1.500E-12      1.500E-10
123  26774      2.790E-04      3.288E-05     -3.739E-13      6.118E-11
124  25962      2.681E-04      3.179E-05      1.157E-12      1.076E-10
125  21367      2.583E-04      3.038E-05     -4.686E-13      6.849E-11
126  26828      2.478E-04      3.084E-05      3.726E-13      6.103E-11
127  26628      2.381E-04      2.967E-05     -7.509E-13      8.664E-11
128  25982      2.289E-04      2.859E-05      0.000E+00      0.000E+00
129  25838      2.196E-04      2.804E-05     -3.869E-13      6.219E-11
130  27001      2.100E-04      2.773E-05      3.703E-13      6.084E-11
131  26504      2.020E-04      2.671E-05      3.772E-13      6.141E-11
132  21378      1.952E-04      2.544E-05      0.000E+00      9.670E-11
133  25920      1.877E-04      2.546E-05      0.000E+00      0.000E+00
134  27132      1.797E-04      2.496E-05      3.685E-13      6.069E-11
135  26305      1.728E-04      2.401E-05     -1.141E-12      1.068E-10
136  25867      1.659E-04      2.331E-05      3.868E-13      1.077E-10
137  21494      1.596E-04      2.251E-05      0.000E+00      0.000E+00
138  27097      1.535E-04      2.248E-05      3.689E-13      6.073E-11
139  26196      1.478E-04      2.149E-05      3.816E-13      6.177E-11
140  25840      1.421E-04      2.080E-05      3.875E-13      6.228E-11
141  26264      1.361E-04      2.051E-05     -3.806E-13      6.169E-11
142  27074      1.305E-04      2.005E-05     -3.698E-13      6.084E-11
143  21573      1.263E-04      1.896E-05      4.634E-13      6.806E-11
144  25741      1.219E-04      1.869E-05      2.827E-16      8.815E-11
145  26449      1.166E-04      1.850E-05     -3.785E-13      6.156E-11
146  26926      1.120E-04      1.785E-05     -7.426E-13      8.615E-11
147  26141      1.078E-04      1.721E-05      3.826E-13      6.185E-11
148  25666      1.036E-04      1.665E-05      0.000E+00      0.000E+00
149  22028      9.962E-05      1.622E-05      0.000E+00      0.000E+00
150  26926      9.597E-05      1.594E-05      0.000E+00      0.000E+00
151  25981      9.249E-05      1.520E-05      0.000E+00      0.000E+00
152  25667      8.888E-05      1.470E-05     -3.895E-13      6.240E-11
153  26782      8.494E-05      1.458E-05      0.000E+00      0.000E+00
154  22257      8.209E-05      1.383E-05     -4.492E-13      6.701E-11
155  25931      7.945E-05      1.349E-05      3.855E-13      6.208E-11
156  25588      7.632E-05      1.307E-05     -3.907E-13      6.250E-11
157  27011      7.296E-05      1.293E-05      0.000E+00      0.000E+00
158  26680      7.036E-05      1.228E-05      0.000E+00      0.000E+00
159  25395      6.777E-05      1.180E-05      0.000E+00      0.000E+00
160  21123      6.541E-05      1.135E-05     -4.733E-13      6.878E-11
161  26716      6.272E-05      1.137E-05      0.000E+00      0.000E+00
162  26088      6.053E-05      1.082E-05     -3.833E-13      6.192E-11
163  25344      5.836E-05      1.038E-05      0.000E+00      0.000E+00
164  25325      5.605E-05      1.004E-05      0.000E+00      0.000E+00
165  22779      5.371E-05      9.981E-06      0.000E+00      0.000E+00
166  25979      5.217E-05      9.487E-06      0.000E+00      0.000E+00
167  25241      5.032E-05      9.088E-06      0.000E+00      0.000E+00
168  25306      4.828E-05      8.926E-06      0.000E+00      0.000E+00
169  26976      4.627E-05      8.788E-06      0.000E+00      0.000E+00
170  21768      4.492E-05      8.253E-06      0.000E+00      0.000E+00
171  25217      4.344E-05      8.082E-06      0.000E+00      0.000E+00
172  25390      4.171E-05      7.901E-06      3.939E-13      6.276E-11
173  27069      3.999E-05      7.731E-06      0.000E+00      0.000E+00
174  25835      3.869E-05      7.355E-06      0.000E+00      0.000E+00
175  25109      3.729E-05      7.086E-06      0.000E+00      0.000E+00
176  21443      3.587E-05      7.002E-06      0.000E+00      0.000E+00
177  27034      3.464E-05      6.853E-06      0.000E+00      0.000E+00
178  25709      3.355E-05      6.498E-06      0.000E+00      0.000E+00
179  25008      3.231E-05      6.286E-06      0.000E+00      0.000E+00
180  25807      3.095E-05      6.215E-06      0.000E+00      0.000E+00
181  22820      2.986E-05      6.001E-06      0.000E+00      0.000E+00
182  25675      2.909E-05      5.719E-06      0.000E+00      0.000E+00
183  24895      2.801E-05      5.579E-06      0.000E+00      0.000E+00
184  26042      2.686E-05      5.482E-06      0.000E+00      0.000E+00
185  26983      2.597E-05      5.233E-06      3.706E-13      6.088E-11
186  25609      2.509E-05      5.012E-06      3.905E-13      6.249E-11
187  20582      2.428E-05      4.837E-06      0.000E+00      0.000E+00
188  26314      2.336E-05      4.830E-06      0.000E+00      0.000E+00
189  26882      2.263E-05      4.615E-06      7.441E-13      8.626E-11
190  25412      2.194E-05      4.429E-06      0.000E+00      0.000E+00
191  24711      2.120E-05      4.313E-06      0.000E+00      0.000E+00
192  22493      2.034E-05      4.317E-06      0.000E+00      0.000E+00
193  26730      1.990E-05      4.096E-06      0.000E+00      0.000E+00
194  25250      1.926E-05      3.962E-06      0.000E+00      0.000E+00
195  24663      1.862E-05      3.862E-06     -4.054E-13      6.367E-11
196  27076      1.788E-05      3.836E-06      0.000E+00      0.000E+00
197  19401      1.761E-05      3.585E-06      0.000E+00      0.000E+00
198   4122      1.636E-05      4.385E-06      0.000E+00      0.000E+00
199   5335      1.638E-05      3.794E-06      0.000E+00      0.000E+00
200   4643      1.608E-05      3.292E-06      0.000E+00      0.000E+00
201   4533      1.546E-05      3.221E-06      0.000E+00      0.000E+00
202   4463      1.487E-05      3.120E-06      0.000E+00      0.000E+00
203    268      1.508E-05      1.927E-06      0.000E+00      0.000E+00
204   4326      1.426E-05      3.038E-06      0.000E+00      0.000E+00
205   4287      1.370E-05      2.944E-06      0.000E+00      0.000E+00
206   4243      1.318E-05      2.838E-06      0.000E+00      0.000E+00
207   4225      1.268E-05      2.740E-06      0.000E+00      0.000E+00
208   4216      1.220E-05      2.645E-06      0.000E+00      0.000E+00
209     58      1.264E-05      6.949E-07      0.000E+00      0.000E+00
210   4180      1.172E-05      2.558E-06      0.000E+00      0.000E+00
211   4148      1.127E-05      2.478E-06      0.000E+00      0.000E+00
212   4147      1.085E-05      2.392E-06      0.000E+00      0.000E+00
213   4149      1.045E-05      2.310E-06      0.000E+00      0.000E+00
214      0      0.000E+00      0.000E+00      0.000E+00      0.000E+00
215   4150      1.006E-05      2.234E-06      0.000E+00      0.000E+00
216   4149      9.689E-06      2.161E-06      0.000E+00      0.000E+00
217   4148      9.328E-06      2.088E-06      0.000E+00      0.000E+00
218   4148      8.977E-06      2.017E-06      0.000E+00      0.000E+00
219   4148      8.634E-06      1.947E-06      0.000E+00      0.000E+00
220      0      0.000E+00      0.000E+00      0.000E+00      0.000E+00
221   4147      8.312E-06      1.879E-06      0.000E+00      0.000E+00
222   4145      8.004E-06      1.813E-06      0.000E+00      0.000E+00
223   4145      7.709E-06      1.748E-06      0.000E+00      0.000E+00
224   4144      7.426E-06      1.685E-06      0.000E+00      0.000E+00
225      0      0.000E+00      0.000E+00      0.000E+00      0.000E+00
226   4144      7.155E-06      1.624E-06      0.000E+00      0.000E+00
227   4144      6.897E-06      1.567E-06      0.000E+00      0.000E+00
228   4144      6.651E-06      1.514E-06      0.000E+00      0.000E+00
229   4143      6.409E-06      1.463E-06      0.000E+00      0.000E+00
230      0      0.000E+00      0.000E+00      0.000E+00      0.000E+00
231   4143      6.179E-06      1.417E-06      0.000E+00      0.000E+00
232   4143      5.960E-06      1.374E-06      0.000E+00      0.000E+00
233   4141      5.748E-06      1.334E-06      0.000E+00      0.000E+00
234   4142      5.542E-06      1.294E-06      0.000E+00      0.000E+00
235   4140      5.342E-06      1.254E-06      0.000E+00      0.000E+00
236      0      0.000E+00      0.000E+00      0.000E+00      0.000E+00
237   4141      5.149E-06      1.215E-06      0.000E+00      0.000E+00
238   4141      4.966E-06      1.175E-06      0.000E+00      0.000E+00
239   4139      4.789E-06      1.135E-06      0.000E+00      0.000E+00
240      0      0.000E+00      0.000E+00      0.000E+00      0.000E+00
  
Vertical correlations for type=GPSRO and subtype=9999 with num= 21622 and dlev= 1200.
 Note: The only non-zero values will be for multi-level reports
  1    0.00      0  0.00  0.00  0.00  0.00  0.00  0.00  0.00  0.00  0.00  0.00  0.00  0.00  0.00  0.00  0.00  0.00  0.00  0.00  0.00  0.00
                    0.00  0.00  0.00  0.00  0.00  0.00  0.00  0.00  0.00  0.00  0.00  0.00  0.00  0.00  0.00  0.00  0.00  0.00  0.00  0.00
                    0.00  0.00  0.00  0.00  0.00  0.00  0.00  0.00  0.00  0.00  0.00
  2    1.20      0  0.00  0.75  0.06  0.01  0.00 -0.03 -0.01 -0.02  0.01  0.01  0.00 -0.00 -0.00 -0.00  0.00 -0.00 -0.00  0.00  0.00 -0.00
                   -0.00 -0.01 -0.00 -0.00  0.00  0.00  0.00  0.00  0.00  0.00 -0.00  0.00  0.00  0.00  0.00  0.00  0.00  0.00 -0.00  0.00
                   -0.00  0.00  0.00  0.00  0.00  0.00  0.00  0.00  0.00  0.00  0.00
  3    2.40      0  0.00  0.06  0.26  0.02 -0.01 -0.00  0.00  0.00 -0.00  0.00  0.00  0.00 -0.00 -0.00 -0.00  0.00 -0.00 -0.00 -0.00 -0.00
                   -0.00  0.00 -0.00  0.00 -0.00 -0.00  0.00 -0.00  0.00  0.00 -0.00  0.00  0.00  0.00  0.00  0.00  0.00  0.00 -0.00 -0.00
                    0.00  0.00  0.00  0.00  0.00  0.00  0.00  0.00  0.00  0.00  0.00
  4    3.60      0  0.00  0.01  0.02  0.30  0.01 -0.02  0.00  0.00 -0.00 -0.00  0.00  0.00 -0.00  0.00 -0.00 -0.00 -0.00 -0.00  0.00  0.00
                    0.00  0.00  0.00 -0.00 -0.00 -0.00 -0.00 -0.00 -0.00  0.00 -0.00  0.00  0.00  0.00  0.00 -0.00  0.00  0.00 -0.00 -0.00
                   -0.00  0.00  0.00  0.00  0.00  0.00  0.00  0.00  0.00  0.00  0.00
  5    4.80      0  0.00  0.00 -0.01  0.01  0.47  0.07 -0.01 -0.00 -0.00  0.00  0.00 -0.00 -0.00  0.00 -0.00 -0.00  0.00 -0.00  0.00  0.00
                   -0.00  0.00  0.00 -0.00 -0.00 -0.00 -0.00 -0.00 -0.00  0.00 -0.00  0.00  0.00  0.00  0.00  0.00  0.00  0.00  0.00 -0.00
                    0.00  0.00  0.00  0.00  0.00  0.00  0.00  0.00  0.00  0.00  0.00
  6    6.00      0  0.00 -0.03 -0.00 -0.02  0.07  0.54  0.08 -0.01  0.00  0.00 -0.00  0.00  0.00  0.00 -0.00  0.00  0.00  0.00  0.00 -0.00
                   -0.00  0.00 -0.00  0.00 -0.00 -0.00  0.00  0.00 -0.00  0.00 -0.00  0.00  0.00 -0.00  0.00  0.00  0.00  0.00  0.01 -0.00
                    0.00  0.00  0.00  0.00  0.00  0.00  0.00  0.00  0.00  0.00  0.00
  7    7.20      0  0.00 -0.01  0.00  0.00 -0.01  0.08  0.58  0.10  0.01 -0.00  0.00 -0.00 -0.00 -0.00  0.00  0.00  0.00  0.00  0.00 -0.00
                    0.00  0.00 -0.00  0.00 -0.00  0.01 -0.00 -0.00  0.00  0.00 -0.00  0.00  0.00 -0.00  0.00  0.00  0.00  0.00 -0.00 -0.00
                   -0.00  0.00  0.00  0.00  0.00  0.00  0.00  0.00  0.00  0.00  0.00
  8    8.40      0  0.00 -0.02  0.00  0.00 -0.00 -0.01  0.10  0.48  0.04  0.00  0.00  0.00 -0.00  0.00 -0.00  0.00 -0.00  0.00 -0.00 -0.00
                   -0.00  0.00 -0.00 -0.00  0.00  0.00 -0.00  0.00 -0.00  0.00  0.00  0.00  0.00 -0.00  0.00 -0.00  0.00  0.00  0.00 -0.00
                    0.00  0.00  0.00  0.00  0.00  0.00  0.00  0.00  0.00  0.00  0.00
  9    9.60      0  0.00  0.01 -0.00 -0.00 -0.00  0.00  0.01  0.04  0.16  0.00  0.00 -0.00 -0.00 -0.00  0.00 -0.00 -0.00 -0.00 -0.00 -0.00
                   -0.00 -0.00 -0.00 -0.00  0.00 -0.00 -0.00  0.00  0.00  0.00 -0.00 -0.00  0.00  0.00  0.00  0.00  0.00  0.00  0.00  0.00
                    0.00  0.00  0.00  0.00  0.00  0.00  0.00  0.00  0.00  0.00  0.00
 10   10.80      0  0.00  0.01  0.00 -0.00  0.00  0.00 -0.00  0.00  0.00  0.14  0.01  0.00 -0.00  0.00 -0.00  0.00 -0.01  0.00 -0.00 -0.01
                   -0.01  0.00 -0.00 -0.00 -0.01 -0.00 -0.00  0.00 -0.00 -0.00 -0.00 -0.00 -0.00 -0.00  0.00  0.00  0.00  0.00  0.00  0.00
                   -0.00  0.00  0.00  0.00  0.00  0.00  0.00  0.00  0.00  0.00  0.00
 11   12.00      0  0.00  0.00  0.00  0.00  0.00 -0.00  0.00  0.00  0.00  0.01  0.16  0.01 -0.01 -0.00 -0.00  0.00  0.00  0.02  0.00  0.01
                   -0.00  0.01 -0.00 -0.00 -0.00 -0.00 -0.00 -0.00  0.01 -0.00  0.00  0.00  0.00  0.00  0.00 -0.00  0.00  0.00 -0.00 -0.00
                    0.00  0.00  0.00  0.00  0.00  0.00  0.00  0.00  0.00  0.00  0.00
 12   13.20      0  0.00 -0.00  0.00  0.00 -0.00  0.00 -0.00  0.00 -0.00  0.00  0.01  0.17  0.00 -0.01 -0.01 -0.00 -0.00 -0.00 -0.00 -0.00
                   -0.01 -0.00  0.01  0.00  0.01 -0.01  0.00  0.00 -0.01 -0.01  0.00 -0.00 -0.00 -0.00  0.00  0.00  0.00  0.00  0.00  0.00
                   -0.00  0.00  0.00  0.00  0.00  0.00  0.00  0.00  0.00  0.00  0.00
 13   14.40      0  0.00 -0.00 -0.00 -0.00 -0.00  0.00 -0.00 -0.00 -0.00 -0.00 -0.01  0.00  0.16  0.01 -0.00 -0.00  0.00  0.00 -0.00 -0.00
                    0.01  0.00 -0.00  0.00  0.00 -0.01 -0.00  0.01  0.00 -0.01  0.01 -0.00 -0.00 -0.00  0.00  0.00  0.00  0.00  0.00  0.00
                   -0.00  0.00  0.00  0.00  0.00  0.00  0.00  0.00  0.00  0.00  0.00
 14   15.60      0  0.00 -0.00 -0.00  0.00  0.00  0.00 -0.00  0.00 -0.00  0.00 -0.00 -0.01  0.01  0.18  0.01  0.01  0.00  0.01  0.00  0.00
                   -0.01 -0.00 -0.00  0.01 -0.00  0.01  0.01 -0.00 -0.00  0.01  0.00  0.00  0.00 -0.02  0.00 -0.00  0.00  0.00 -0.00 -0.00
                    0.00  0.00  0.00  0.00  0.00  0.00  0.00  0.00  0.00  0.00  0.00
 15   16.80      0  0.00  0.00 -0.00 -0.00 -0.00 -0.00  0.00 -0.00  0.00 -0.00 -0.00 -0.01 -0.00  0.01  0.18  0.01  0.00  0.01 -0.02  0.01
                    0.00 -0.01 -0.00 -0.00 -0.00  0.05  0.00 -0.00  0.04  0.00  0.00  0.00  0.01  0.00  0.00 -0.00  0.00  0.00 -0.00 -0.00
                    0.00  0.00  0.00  0.00  0.00  0.00  0.00  0.00  0.00  0.00  0.00
 16   18.00      0  0.00 -0.00  0.00 -0.00 -0.00  0.00  0.00  0.00 -0.00  0.00  0.00 -0.00 -0.00  0.01  0.01  0.16  0.00  0.01 -0.00 -0.00
                    0.00  0.00  0.00  0.00 -0.00 -0.00 -0.00 -0.00  0.01 -0.02 -0.00 -0.00  0.00  0.00  0.00  0.00  0.00  0.00  0.00  0.00
                   -0.00  0.00  0.00  0.00  0.00  0.00  0.00  0.00  0.00  0.00  0.00
 17   19.20      0  0.00 -0.00 -0.00 -0.00  0.00  0.00  0.00 -0.00 -0.00 -0.01  0.00 -0.00  0.00  0.00  0.00  0.00  0.16 -0.00 -0.00  0.00
                    0.00  0.00  0.00 -0.01  0.00  0.00 -0.00  0.00 -0.00 -0.00  0.01 -0.00 -0.00 -0.00  0.00  0.00  0.00  0.00  0.00  0.00
                   -0.00  0.00  0.00  0.00  0.00  0.00  0.00  0.00  0.00  0.00  0.00
 18   20.40      0  0.00  0.00 -0.00 -0.00 -0.00  0.00  0.00  0.00 -0.00  0.00  0.02 -0.00  0.00  0.01  0.01  0.01 -0.00  0.18  0.00  0.01
                   -0.00  0.01 -0.00 -0.00 -0.00 -0.00  0.00 -0.00 -0.01  0.00  0.00  0.00  0.00  0.00  0.00 -0.00  0.00  0.00 -0.00 -0.00
                    0.00  0.00  0.00  0.00  0.00  0.00  0.00  0.00  0.00  0.00  0.00
 19   21.60      0  0.00  0.00 -0.00  0.00  0.00  0.00  0.00 -0.00 -0.00 -0.00  0.00 -0.00 -0.00  0.00 -0.02 -0.00 -0.00  0.00  0.17  0.00
                   -0.00 -0.00 -0.00  0.00 -0.00 -0.00  0.00 -0.00  0.00  0.00  0.00  0.00  0.00  0.00  0.00 -0.00  0.00  0.00 -0.00 -0.00
                    0.00  0.00  0.00  0.00  0.00  0.00  0.00  0.00  0.00  0.00  0.00
 20   22.80      0  0.00 -0.00 -0.00  0.00  0.00 -0.00 -0.00 -0.00 -0.00 -0.01  0.01 -0.00 -0.00  0.00  0.01 -0.00  0.00  0.01  0.00  0.18
                   -0.00  0.01 -0.00  0.00 -0.00  0.01  0.00 -0.00  0.02  0.00  0.00  0.00  0.00  0.00  0.00 -0.00  0.00  0.00 -0.00 -0.00
                    0.00  0.00  0.00  0.00  0.00  0.00  0.00  0.00  0.00  0.00  0.00
 21   24.00      0  0.00 -0.00 -0.00  0.00 -0.00 -0.00  0.00 -0.00 -0.00 -0.01 -0.00 -0.01  0.01 -0.01  0.00  0.00  0.00 -0.00 -0.00 -0.00
                    0.17  0.00 -0.00 -0.00 -0.00  0.02  0.00  0.01  0.00  0.00  0.00  0.00  0.00  0.00  0.00 -0.00  0.00  0.00 -0.00 -0.00
                    0.00  0.00  0.00  0.00  0.00  0.00  0.00  0.00  0.00  0.00  0.00
 22   25.20      0  0.00 -0.01  0.00  0.00  0.00  0.00  0.00  0.00 -0.00  0.00  0.01 -0.00  0.00 -0.00 -0.01  0.00  0.00  0.01 -0.00  0.01
                    0.00  0.17 -0.00  0.00  0.00  0.02 -0.00 -0.00 -0.00  0.02 -0.00 -0.00  0.03  0.00  0.00  0.00  0.00  0.00 -0.00 -0.03
                   -0.00  0.00  0.00  0.00  0.00  0.00  0.00  0.00  0.00  0.00  0.00
 23   26.40      0  0.00 -0.00 -0.00  0.00  0.00 -0.00 -0.00 -0.00 -0.00 -0.00 -0.00  0.01 -0.00 -0.00 -0.00  0.00  0.00 -0.00 -0.00 -0.00
                   -0.00 -0.00  0.18 -0.00  0.01 -0.00  0.00 -0.00  0.00  0.00  0.00 -0.04  0.00  0.00  0.00 -0.00  0.00  0.00 -0.00 -0.00
                    0.00  0.00  0.00  0.00  0.00  0.00  0.00  0.00  0.00  0.00  0.00
 24   27.60      0  0.00 -0.00  0.00 -0.00 -0.00  0.00  0.00 -0.00 -0.00 -0.00 -0.00  0.00  0.00  0.01 -0.00  0.00 -0.01 -0.00  0.00  0.00
                   -0.00  0.00 -0.00  0.18 -0.00 -0.00  0.00 -0.00  0.00  0.00  0.00  0.00  0.00  0.00  0.00 -0.00  0.00  0.00 -0.00 -0.00
                    0.00  0.00  0.00  0.00  0.00  0.00  0.00  0.00  0.00  0.00  0.00
 25   28.80      0  0.00  0.00 -0.00 -0.00 -0.00 -0.00 -0.00  0.00  0.00 -0.01 -0.00  0.01  0.00 -0.00 -0.00 -0.00  0.00 -0.00 -0.00 -0.00
                   -0.00  0.00  0.01 -0.00  0.18 -0.00  0.00 -0.00  0.00  0.00  0.00  0.00  0.00  0.00  0.00 -0.00  0.00  0.00 -0.00 -0.00
                    0.00  0.00  0.00  0.00  0.00  0.00  0.00  0.00  0.00  0.00  0.00
 26   30.00      0  0.00  0.00 -0.00 -0.00 -0.00 -0.00  0.01  0.00 -0.00 -0.00 -0.00 -0.01 -0.01  0.01  0.05 -0.00  0.00 -0.00 -0.00  0.01
                    0.02  0.02 -0.00 -0.00 -0.00  0.19  0.00 -0.00  0.02  0.00  0.00  0.00  0.03  0.00  0.00 -0.00  0.00  0.00 -0.00 -0.00
                    0.00  0.00  0.00  0.00  0.00  0.00  0.00  0.00  0.00  0.00  0.00
 27   31.20      0  0.00  0.00  0.00 -0.00 -0.00  0.00 -0.00 -0.00 -0.00 -0.00 -0.00  0.00 -0.00  0.01  0.00 -0.00 -0.00  0.00  0.00  0.00
                    0.00 -0.00  0.00  0.00  0.00  0.00  0.17  0.00 -0.00 -0.00 -0.00 -0.00 -0.00 -0.00  0.00  0.00  0.00  0.00 -0.06  0.00
                   -0.00  0.00  0.00  0.00  0.00  0.00  0.00  0.00  0.00  0.00  0.00
 28   32.40      0  0.00  0.00 -0.00 -0.00 -0.00  0.00 -0.00  0.00  0.00  0.00 -0.00  0.00  0.01 -0.00 -0.00 -0.00  0.00 -0.00 -0.00 -0.00
                    0.01 -0.00 -0.00 -0.00 -0.00 -0.00  0.00  0.16  0.00  0.00  0.00  0.00  0.00  0.00  0.00 -0.00  0.00  0.00 -0.00 -0.00
                    0.00  0.00  0.00  0.00  0.00  0.00  0.00  0.00  0.00  0.00  0.00
 29   33.60      0  0.00  0.00  0.00 -0.00 -0.00 -0.00  0.00 -0.00  0.00 -0.00  0.01 -0.01  0.00 -0.00  0.04  0.01 -0.00 -0.01  0.00  0.02
                    0.00 -0.00  0.00  0.00  0.00  0.02 -0.00  0.00  0.17 -0.00 -0.00 -0.00 -0.00 -0.00  0.00  0.00  0.00  0.00  0.00  0.00
                   -0.00  0.00  0.00  0.00  0.00  0.00  0.00  0.00  0.00  0.00  0.00
 30   34.80      0  0.00  0.00  0.00  0.00  0.00  0.00  0.00  0.00  0.00 -0.00 -0.00 -0.01 -0.01  0.01  0.00 -0.02 -0.00  0.00  0.00  0.00
                    0.00  0.02  0.00  0.00  0.00  0.00 -0.00  0.00 -0.00  0.17 -0.00 -0.00 -0.00 -0.00  0.00  0.00  0.00  0.00  0.00  0.00
                   -0.00  0.00  0.00  0.00  0.00  0.00  0.00  0.00  0.00  0.00  0.00
 31   36.00      0  0.00 -0.00 -0.00 -0.00 -0.00 -0.00 -0.00  0.00 -0.00 -0.00  0.00  0.00  0.01  0.00  0.00 -0.00  0.01  0.00  0.00  0.00
                    0.00 -0.00  0.00  0.00  0.00  0.00 -0.00  0.00 -0.00 -0.00  0.19 -0.00 -0.00 -0.00  0.00  0.00  0.00  0.00  0.00  0.00
                   -0.00  0.00  0.00  0.00  0.00  0.00  0.00  0.00  0.00  0.00  0.00
 32   37.20      0  0.00  0.00  0.00  0.00  0.00  0.00  0.00  0.00 -0.00 -0.00  0.00 -0.00 -0.00  0.00  0.00 -0.00 -0.00  0.00  0.00  0.00
                    0.00 -0.00 -0.04  0.00  0.00  0.00 -0.00  0.00 -0.00 -0.00 -0.00  0.25 -0.00 -0.00  0.00  0.00  0.00  0.00  0.00  0.00
                   -0.00  0.00  0.00  0.00  0.00  0.00  0.00  0.00  0.00  0.00  0.00
 33   38.40      0  0.00  0.00  0.00  0.00  0.00  0.00  0.00  0.00  0.00 -0.00  0.00 -0.00 -0.00  0.00  0.01  0.00 -0.00  0.00  0.00  0.00
                    0.00  0.03  0.00  0.00  0.00  0.03 -0.00  0.00 -0.00 -0.00 -0.00 -0.00  0.20 -0.00  0.00  0.00  0.00  0.00  0.00 -0.07
                   -0.00  0.00  0.00  0.00  0.00  0.00  0.00  0.00  0.00  0.00  0.00
 34   39.60      0  0.00  0.00  0.00  0.00  0.00 -0.00 -0.00 -0.00  0.00 -0.00  0.00 -0.00 -0.00 -0.02  0.00  0.00 -0.00  0.00  0.00  0.00
                    0.00  0.00  0.00  0.00  0.00  0.00 -0.00  0.00 -0.00 -0.00 -0.00 -0.00 -0.00  0.17  0.00  0.00  0.00  0.00  0.00  0.00
                   -0.00  0.00  0.00  0.00  0.00  0.00  0.00  0.00  0.00  0.00  0.00
 35   40.80      0  0.00  0.00  0.00  0.00  0.00  0.00  0.00  0.00  0.00  0.00  0.00  0.00  0.00  0.00  0.00  0.00  0.00  0.00  0.00  0.00
                    0.00  0.00  0.00  0.00  0.00  0.00  0.00  0.00  0.00  0.00  0.00  0.00  0.00  0.00  0.00  0.00  0.00  0.00  0.00  0.00
                    0.00  0.00  0.00  0.00  0.00  0.00  0.00  0.00  0.00  0.00  0.00
 36   42.00      0  0.00  0.00  0.00 -0.00  0.00  0.00  0.00 -0.00  0.00  0.00 -0.00  0.00  0.00 -0.00 -0.00  0.00  0.00 -0.00 -0.00 -0.00
                   -0.00  0.00 -0.00 -0.00 -0.00 -0.00  0.00 -0.00  0.00  0.00  0.00  0.00  0.00  0.00  0.00  0.17  0.00  0.00 -0.00 -0.00
                    0.00  0.00  0.00  0.00  0.00  0.00  0.00  0.00  0.00  0.00  0.00
 37   43.20      0  0.00  0.00  0.00  0.00  0.00  0.00  0.00  0.00  0.00  0.00  0.00  0.00  0.00  0.00  0.00  0.00  0.00  0.00  0.00  0.00
                    0.00  0.00  0.00  0.00  0.00  0.00  0.00  0.00  0.00  0.00  0.00  0.00  0.00  0.00  0.00  0.00  0.00  0.00  0.00  0.00
                    0.00  0.00  0.00  0.00  0.00  0.00  0.00  0.00  0.00  0.00  0.00
 38   44.40      0  0.00  0.00  0.00  0.00  0.00  0.00  0.00  0.00  0.00  0.00  0.00  0.00  0.00  0.00  0.00  0.00  0.00  0.00  0.00  0.00
                    0.00  0.00  0.00  0.00  0.00  0.00  0.00  0.00  0.00  0.00  0.00  0.00  0.00  0.00  0.00  0.00  0.00  0.00  0.00  0.00
                    0.00  0.00  0.00  0.00  0.00  0.00  0.00  0.00  0.00  0.00  0.00
 39   45.60      0  0.00 -0.00 -0.00 -0.00  0.00  0.01 -0.00  0.00  0.00  0.00 -0.00  0.00  0.00 -0.00 -0.00  0.00  0.00 -0.00 -0.00 -0.00
                   -0.00 -0.00 -0.00 -0.00 -0.00 -0.00 -0.06 -0.00  0.00  0.00  0.00  0.00  0.00  0.00  0.00 -0.00  0.00  0.00  0.20 -0.00
                    0.00  0.00  0.00  0.00  0.00  0.00  0.00  0.00  0.00  0.00  0.00
 40   46.80      0  0.00  0.00 -0.00 -0.00 -0.00 -0.00 -0.00 -0.00  0.00  0.00 -0.00  0.00  0.00 -0.00 -0.00  0.00  0.00 -0.00 -0.00 -0.00
                   -0.00 -0.03 -0.00 -0.00 -0.00 -0.00  0.00 -0.00  0.00  0.00  0.00  0.00 -0.07  0.00  0.00 -0.00  0.00  0.00 -0.00  0.17
                    0.00  0.00  0.00  0.00  0.00  0.00  0.00  0.00  0.00  0.00  0.00
 41   48.00      0  0.00 -0.00  0.00 -0.00  0.00  0.00 -0.00  0.00  0.00 -0.00  0.00 -0.00 -0.00  0.00  0.00 -0.00 -0.00  0.00  0.00  0.00
                    0.00 -0.00  0.00  0.00  0.00  0.00 -0.00  0.00 -0.00 -0.00 -0.00 -0.00 -0.00 -0.00  0.00  0.00  0.00  0.00  0.00  0.00
                    0.17  0.00  0.00  0.00  0.00  0.00  0.00  0.00  0.00  0.00  0.00
 42   49.20      0  0.00  0.00  0.00  0.00  0.00  0.00  0.00  0.00  0.00  0.00  0.00  0.00  0.00  0.00  0.00  0.00  0.00  0.00  0.00  0.00
                    0.00  0.00  0.00  0.00  0.00  0.00  0.00  0.00  0.00  0.00  0.00  0.00  0.00  0.00  0.00  0.00  0.00  0.00  0.00  0.00
                    0.00  0.00  0.00  0.00  0.00  0.00  0.00  0.00  0.00  0.00  0.00
 43   50.40      0  0.00  0.00  0.00  0.00  0.00  0.00  0.00  0.00  0.00  0.00  0.00  0.00  0.00  0.00  0.00  0.00  0.00  0.00  0.00  0.00
                    0.00  0.00  0.00  0.00  0.00  0.00  0.00  0.00  0.00  0.00  0.00  0.00  0.00  0.00  0.00  0.00  0.00  0.00  0.00  0.00
                    0.00  0.00  0.00  0.00  0.00  0.00  0.00  0.00  0.00  0.00  0.00
 44   51.60      0  0.00  0.00  0.00  0.00  0.00  0.00  0.00  0.00  0.00  0.00  0.00  0.00  0.00  0.00  0.00  0.00  0.00  0.00  0.00  0.00
                    0.00  0.00  0.00  0.00  0.00  0.00  0.00  0.00  0.00  0.00  0.00  0.00  0.00  0.00  0.00  0.00  0.00  0.00  0.00  0.00
                    0.00  0.00  0.00  0.00  0.00  0.00  0.00  0.00  0.00  0.00  0.00
 45   52.80      0  0.00  0.00  0.00  0.00  0.00  0.00  0.00  0.00  0.00  0.00  0.00  0.00  0.00  0.00  0.00  0.00  0.00  0.00  0.00  0.00
                    0.00  0.00  0.00  0.00  0.00  0.00  0.00  0.00  0.00  0.00  0.00  0.00  0.00  0.00  0.00  0.00  0.00  0.00  0.00  0.00
                    0.00  0.00  0.00  0.00  0.00  0.00  0.00  0.00  0.00  0.00  0.00
 46   54.00      0  0.00  0.00  0.00  0.00  0.00  0.00  0.00  0.00  0.00  0.00  0.00  0.00  0.00  0.00  0.00  0.00  0.00  0.00  0.00  0.00
                    0.00  0.00  0.00  0.00  0.00  0.00  0.00  0.00  0.00  0.00  0.00  0.00  0.00  0.00  0.00  0.00  0.00  0.00  0.00  0.00
                    0.00  0.00  0.00  0.00  0.00  0.00  0.00  0.00  0.00  0.00  0.00
 47   55.20      0  0.00  0.00  0.00  0.00  0.00  0.00  0.00  0.00  0.00  0.00  0.00  0.00  0.00  0.00  0.00  0.00  0.00  0.00  0.00  0.00
                    0.00  0.00  0.00  0.00  0.00  0.00  0.00  0.00  0.00  0.00  0.00  0.00  0.00  0.00  0.00  0.00  0.00  0.00  0.00  0.00
                    0.00  0.00  0.00  0.00  0.00  0.00  0.00  0.00  0.00  0.00  0.00
 48   56.40      0  0.00  0.00  0.00  0.00  0.00  0.00  0.00  0.00  0.00  0.00  0.00  0.00  0.00  0.00  0.00  0.00  0.00  0.00  0.00  0.00
                    0.00  0.00  0.00  0.00  0.00  0.00  0.00  0.00  0.00  0.00  0.00  0.00  0.00  0.00  0.00  0.00  0.00  0.00  0.00  0.00
                    0.00  0.00  0.00  0.00  0.00  0.00  0.00  0.00  0.00  0.00  0.00
 49   57.60      0  0.00  0.00  0.00  0.00  0.00  0.00  0.00  0.00  0.00  0.00  0.00  0.00  0.00  0.00  0.00  0.00  0.00  0.00  0.00  0.00
                    0.00  0.00  0.00  0.00  0.00  0.00  0.00  0.00  0.00  0.00  0.00  0.00  0.00  0.00  0.00  0.00  0.00  0.00  0.00  0.00
                    0.00  0.00  0.00  0.00  0.00  0.00  0.00  0.00  0.00  0.00  0.00
 50   58.80      0  0.00  0.00  0.00  0.00  0.00  0.00  0.00  0.00  0.00  0.00  0.00  0.00  0.00  0.00  0.00  0.00  0.00  0.00  0.00  0.00
                    0.00  0.00  0.00  0.00  0.00  0.00  0.00  0.00  0.00  0.00  0.00  0.00  0.00  0.00  0.00  0.00  0.00  0.00  0.00  0.00
                    0.00  0.00  0.00  0.00  0.00  0.00  0.00  0.00  0.00  0.00  0.00
 51   60.00      0  0.00  0.00  0.00  0.00  0.00  0.00  0.00  0.00  0.00  0.00  0.00  0.00  0.00  0.00  0.00  0.00  0.00  0.00  0.00  0.00
                    0.00  0.00  0.00  0.00  0.00  0.00  0.00  0.00  0.00  0.00  0.00  0.00  0.00  0.00  0.00  0.00  0.00  0.00  0.00  0.00
                    0.00  0.00  0.00  0.00  0.00  0.00  0.00  0.00  0.00  0.00  0.00
  
 program completed
