Channel Counts and Statistics
Data from  20 times
Last date and time:     20060627      180000
Last file of data: /discover/nobackup/projects/gmao/nwposse/develop/osse529/obs/Y2006/M06/D27/H18/osse529.diag_conv.20060627_18z.ods
Number of channels:  12
LatN, LatS:     90.0   -90.0
LonW, LonE:      0.0   360.0
Surface type: BOTH
 
Table 1: in, plevs, index_used, avg counts, means(omf,oma,amf), stdvs(omf,oma,amf), r=stdv(oma)/stdv(omf)
    1        0.00    0       0    0.000000    0.000000    0.000000    0.000000    0.000000    0.000000    0.000000
    2        0.00    0       0    0.000000    0.000000    0.000000    0.000000    0.000000    0.000000    0.000000
    3        0.00    0       0    0.000000    0.000000    0.000000    0.000000    0.000000    0.000000    0.000000
    4        0.00    0       0    0.000000    0.000000    0.000000    0.000000    0.000000    0.000000    0.000000
    5        0.00    0       0    0.000000    0.000000    0.000000    0.000000    0.000000    0.000000    0.000000
    6       71.43    0       0    0.000000    0.000000    0.000000    0.000000    0.000000    0.000000    0.000000
    7      214.29    0       0    0.000000    0.000000    0.000000    0.000000    0.000000    0.000000    0.000000
    8      357.14    0       0    0.000000    0.000000    0.000000    0.000000    0.000000    0.000000    0.000000
    9      500.00    0       0    0.000000    0.000000    0.000000    0.000000    0.000000    0.000000    0.000000
   10      642.86    0       0    0.000000    0.000000    0.000000    0.000000    0.000000    0.000000    0.000000
   11      785.71    0       0    0.000000    0.000000    0.000000    0.000000    0.000000    0.000000    0.000000
   12      928.57    1    7972   -0.022775   -0.009811    0.012964    1.484323    1.233411    0.632962    0.830959
 
Table 2: Average number of obs in lat range per synop period
 
      channel=      1      2      3      4      5      6      7      8      9     10     11     12
 
   1   -90.000      0      0      0      0      0      0      0      0      0      0      0      0
   2   -89.750      0      0      0      0      0      0      0      0      0      0      0      0
   3   -89.500      0      0      0      0      0      0      0      0      0      0      0      0
   4   -89.250      0      0      0      0      0      0      0      0      0      0      0      0
   5   -89.000      0      0      0      0      0      0      0      0      0      0      0      0
   6   -88.750      0      0      0      0      0      0      0      0      0      0      0      0
   7   -88.500      0      0      0      0      0      0      0      0      0      0      0      0
   8   -88.250      0      0      0      0      0      0      0      0      0      0      0      0
   9   -88.000      0      0      0      0      0      0      0      0      0      0      0      0
  10   -87.750      0      0      0      0      0      0      0      0      0      0      0      0
  11   -87.500      0      0      0      0      0      0      0      0      0      0      0      0
  12   -87.250      0      0      0      0      0      0      0      0      0      0      0      0
  13   -87.000      0      0      0      0      0      0      0      0      0      0      0      0
  14   -86.750      0      0      0      0      0      0      0      0      0      0      0      0
  15   -86.500      0      0      0      0      0      0      0      0      0      0      0      0
  16   -86.250      0      0      0      0      0      0      0      0      0      0      0      0
  17   -86.000      0      0      0      0      0      0      0      0      0      0      0      0
  18   -85.750      0      0      0      0      0      0      0      0      0      0      0      0
  19   -85.500      0      0      0      0      0      0      0      0      0      0      0      0
  20   -85.250      0      0      0      0      0      0      0      0      0      0      0      0
  21   -85.000      0      0      0      0      0      0      0      0      0      0      0      0
  22   -84.750      0      0      0      0      0      0      0      0      0      0      0      0
  23   -84.500      0      0      0      0      0      0      0      0      0      0      0      0
  24   -84.250      0      0      0      0      0      0      0      0      0      0      0      0
  25   -84.000      0      0      0      0      0      0      0      0      0      0      0      0
  26   -83.750      0      0      0      0      0      0      0      0      0      0      0      0
  27   -83.500      0      0      0      0      0      0      0      0      0      0      0      0
  28   -83.250      0      0      0      0      0      0      0      0      0      0      0      0
  29   -83.000      0      0      0      0      0      0      0      0      0      0      0      0
  30   -82.750      0      0      0      0      0      0      0      0      0      0      0      0
  31   -82.500      0      0      0      0      0      0      0      0      0      0      0      0
  32   -82.250      0      0      0      0      0      0      0      0      0      0      0      0
  33   -82.000      0      0      0      0      0      0      0      0      0      0      0      0
  34   -81.750      0      0      0      0      0      0      0      0      0      0      0      0
  35   -81.500      0      0      0      0      0      0      0      0      0      0      0      0
  36   -81.250      0      0      0      0      0      0      0      0      0      0      0      0
  37   -81.000      0      0      0      0      0      0      0      0      0      0      0      0
  38   -80.750      0      0      0      0      0      0      0      0      0      0      0      0
  39   -80.500      0      0      0      0      0      0      0      0      0      0      0      0
  40   -80.250      0      0      0      0      0      0      0      0      0      0      0      0
  41   -80.000      0      0      0      0      0      0      0      0      0      0      0      0
  42   -79.750      0      0      0      0      0      0      0      0      0      0      0      0
  43   -79.500      0      0      0      0      0      0      0      0      0      0      0      0
  44   -79.250      0      0      0      0      0      0      0      0      0      0      0      0
  45   -79.000      0      0      0      0      0      0      0      0      0      0      0      0
  46   -78.750      0      0      0      0      0      0      0      0      0      0      0      0
  47   -78.500      0      0      0      0      0      0      0      0      0      0      0      0
  48   -78.250      0      0      0      0      0      0      0      0      0      0      0      0
  49   -78.000      0      0      0      0      0      0      0      0      0      0      0      0
  50   -77.750      0      0      0      0      0      0      0      0      0      0      0      0
  51   -77.500      0      0      0      0      0      0      0      0      0      0      0      0
  52   -77.250      0      0      0      0      0      0      0      0      0      0      0      0
  53   -77.000      0      0      0      0      0      0      0      0      0      0      0      0
  54   -76.750      0      0      0      0      0      0      0      0      0      0      0      0
  55   -76.500      0      0      0      0      0      0      0      0      0      0      0      0
  56   -76.250      0      0      0      0      0      0      0      0      0      0      0      0
  57   -76.000      0      0      0      0      0      0      0      0      0      0      0      0
  58   -75.750      0      0      0      0      0      0      0      0      0      0      0      0
  59   -75.500      0      0      0      0      0      0      0      0      0      0      0      0
  60   -75.250      0      0      0      0      0      0      0      0      0      0      0      0
  61   -75.000      0      0      0      0      0      0      0      0      0      0      0      0
  62   -74.750      0      0      0      0      0      0      0      0      0      0      0      0
  63   -74.500      0      0      0      0      0      0      0      0      0      0      0      0
  64   -74.250      0      0      0      0      0      0      0      0      0      0      0      0
  65   -74.000      0      0      0      0      0      0      0      0      0      0      0      0
  66   -73.750      0      0      0      0      0      0      0      0      0      0      0      0
  67   -73.500      0      0      0      0      0      0      0      0      0      0      0      0
  68   -73.250      0      0      0      0      0      0      0      0      0      0      0      0
  69   -73.000      0      0      0      0      0      0      0      0      0      0      0      0
  70   -72.750      0      0      0      0      0      0      0      0      0      0      0      0
  71   -72.500      0      0      0      0      0      0      0      0      0      0      0      0
  72   -72.250      0      0      0      0      0      0      0      0      0      0      0      0
  73   -72.000      0      0      0      0      0      0      0      0      0      0      0      0
  74   -71.750      0      0      0      0      0      0      0      0      0      0      0      0
  75   -71.500      0      0      0      0      0      0      0      0      0      0      0      0
  76   -71.250      0      0      0      0      0      0      0      0      0      0      0      0
  77   -71.000      0      0      0      0      0      0      0      0      0      0      0      0
  78   -70.750      0      0      0      0      0      0      0      0      0      0      0      0
  79   -70.500      0      0      0      0      0      0      0      0      0      0      0      0
  80   -70.250      0      0      0      0      0      0      0      0      0      0      0      0
  81   -70.000      0      0      0      0      0      0      0      0      0      0      0      0
  82   -69.750      0      0      0      0      0      0      0      0      0      0      0      0
  83   -69.500      0      0      0      0      0      0      0      0      0      0      0      0
  84   -69.250      0      0      0      0      0      0      0      0      0      0      0      0
  85   -69.000      0      0      0      0      0      0      0      0      0      0      0      0
  86   -68.750      0      0      0      0      0      0      0      0      0      0      0      0
  87   -68.500      0      0      0      0      0      0      0      0      0      0      0      0
  88   -68.250      0      0      0      0      0      0      0      0      0      0      0      0
  89   -68.000      0      0      0      0      0      0      0      0      0      0      0      0
  90   -67.750      0      0      0      0      0      0      0      0      0      0      0      0
  91   -67.500      0      0      0      0      0      0      0      0      0      0      0      0
  92   -67.250      0      0      0      0      0      0      0      0      0      0      0      0
  93   -67.000      0      0      0      0      0      0      0      0      0      0      0      0
  94   -66.750      0      0      0      0      0      0      0      0      0      0      0      0
  95   -66.500      0      0      0      0      0      0      0      0      0      0      0      0
  96   -66.250      0      0      0      0      0      0      0      0      0      0      0      0
  97   -66.000      0      0      0      0      0      0      0      0      0      0      0      0
  98   -65.750      0      0      0      0      0      0      0      0      0      0      0      0
  99   -65.500      0      0      0      0      0      0      0      0      0      0      0      0
 100   -65.250      0      0      0      0      0      0      0      0      0      0      0      0
 101   -65.000      0      0      0      0      0      0      0      0      0      0      0      1
 102   -64.750      0      0      0      0      0      0      0      0      0      0      0      3
 103   -64.500      0      0      0      0      0      0      0      0      0      0      0      0
 104   -64.250      0      0      0      0      0      0      0      0      0      0      0      1
 105   -64.000      0      0      0      0      0      0      0      0      0      0      0      4
 106   -63.750      0      0      0      0      0      0      0      0      0      0      0      2
 107   -63.500      0      0      0      0      0      0      0      0      0      0      0      1
 108   -63.250      0      0      0      0      0      0      0      0      0      0      0      3
 109   -63.000      0      0      0      0      0      0      0      0      0      0      0      9
 110   -62.750      0      0      0      0      0      0      0      0      0      0      0      1
 111   -62.500      0      0      0      0      0      0      0      0      0      0      0      1
 112   -62.250      0      0      0      0      0      0      0      0      0      0      0      7
 113   -62.000      0      0      0      0      0      0      0      0      0      0      0      7
 114   -61.750      0      0      0      0      0      0      0      0      0      0      0      1
 115   -61.500      0      0      0      0      0      0      0      0      0      0      0      3
 116   -61.250      0      0      0      0      0      0      0      0      0      0      0     12
 117   -61.000      0      0      0      0      0      0      0      0      0      0      0      4
 118   -60.750      0      0      0      0      0      0      0      0      0      0      0      2
 119   -60.500      0      0      0      0      0      0      0      0      0      0      0      9
 120   -60.250      0      0      0      0      0      0      0      0      0      0      0     15
 121   -60.000      0      0      0      0      0      0      0      0      0      0      0      2
 122   -59.750      0      0      0      0      0      0      0      0      0      0      0      3
 123   -59.500      0      0      0      0      0      0      0      0      0      0      0     15
 124   -59.250      0      0      0      0      0      0      0      0      0      0      0     11
 125   -59.000      0      0      0      0      0      0      0      0      0      0      0      2
 126   -58.750      0      0      0      0      0      0      0      0      0      0      0      8
 127   -58.500      0      0      0      0      0      0      0      0      0      0      0     22
 128   -58.250      0      0      0      0      0      0      0      0      0      0      0      3
 129   -58.000      0      0      0      0      0      0      0      0      0      0      0      4
 130   -57.750      0      0      0      0      0      0      0      0      0      0      0     17
 131   -57.500      0      0      0      0      0      0      0      0      0      0      0     22
 132   -57.250      0      0      0      0      0      0      0      0      0      0      0      4
 133   -57.000      0      0      0      0      0      0      0      0      0      0      0      8
 134   -56.750      0      0      0      0      0      0      0      0      0      0      0     31
 135   -56.500      0      0      0      0      0      0      0      0      0      0      0      9
 136   -56.250      0      0      0      0      0      0      0      0      0      0      0      4
 137   -56.000      0      0      0      0      0      0      0      0      0      0      0     18
 138   -55.750      0      0      0      0      0      0      0      0      0      0      0     35
 139   -55.500      0      0      0      0      0      0      0      0      0      0      0      4
 140   -55.250      0      0      0      0      0      0      0      0      0      0      0      4
 141   -55.000      0      0      0      0      0      0      0      0      0      0      0     30
 142   -54.750      0      0      0      0      0      0      0      0      0      0      0     22
 143   -54.500      0      0      0      0      0      0      0      0      0      0      0      4
 144   -54.250      0      0      0      0      0      0      0      0      0      0      0     15
 145   -54.000      0      0      0      0      0      0      0      0      0      0      0     41
 146   -53.750      0      0      0      0      0      0      0      0      0      0      0      5
 147   -53.500      0      0      0      0      0      0      0      0      0      0      0      5
 148   -53.250      0      0      0      0      0      0      0      0      0      0      0     27
 149   -53.000      0      0      0      0      0      0      0      0      0      0      0     35
 150   -52.750      0      0      0      0      0      0      0      0      0      0      0      5
 151   -52.500      0      0      0      0      0      0      0      0      0      0      0     11
 152   -52.250      0      0      0      0      0      0      0      0      0      0      0     47
 153   -52.000      0      0      0      0      0      0      0      0      0      0      0     12
 154   -51.750      0      0      0      0      0      0      0      0      0      0      0      4
 155   -51.500      0      0      0      0      0      0      0      0      0      0      0     22
 156   -51.250      0      0      0      0      0      0      0      0      0      0      0     45
 157   -51.000      0      0      0      0      0      0      0      0      0      0      0      5
 158   -50.750      0      0      0      0      0      0      0      0      0      0      0      6
 159   -50.500      0      0      0      0      0      0      0      0      0      0      0     41
 160   -50.250      0      0      0      0      0      0      0      0      0      0      0     28
 161   -50.000      0      0      0      0      0      0      0      0      0      0      0      4
 162   -49.750      0      0      0      0      0      0      0      0      0      0      0     18
 163   -49.500      0      0      0      0      0      0      0      0      0      0      0     50
 164   -49.250      0      0      0      0      0      0      0      0      0      0      0      7
 165   -49.000      0      0      0      0      0      0      0      0      0      0      0      4
 166   -48.750      0      0      0      0      0      0      0      0      0      0      0     32
 167   -48.500      0      0      0      0      0      0      0      0      0      0      0     41
 168   -48.250      0      0      0      0      0      0      0      0      0      0      0      5
 169   -48.000      0      0      0      0      0      0      0      0      0      0      0     12
 170   -47.750      0      0      0      0      0      0      0      0      0      0      0     56
 171   -47.500      0      0      0      0      0      0      0      0      0      0      0     13
 172   -47.250      0      0      0      0      0      0      0      0      0      0      0      5
 173   -47.000      0      0      0      0      0      0      0      0      0      0      0     24
 174   -46.750      0      0      0      0      0      0      0      0      0      0      0     49
 175   -46.500      0      0      0      0      0      0      0      0      0      0      0      5
 176   -46.250      0      0      0      0      0      0      0      0      0      0      0      6
 177   -46.000      0      0      0      0      0      0      0      0      0      0      0     47
 178   -45.750      0      0      0      0      0      0      0      0      0      0      0     30
 179   -45.500      0      0      0      0      0      0      0      0      0      0      0      5
 180   -45.250      0      0      0      0      0      0      0      0      0      0      0     19
 181   -45.000      0      0      0      0      0      0      0      0      0      0      0     54
 182   -44.750      0      0      0      0      0      0      0      0      0      0      0      8
 183   -44.500      0      0      0      0      0      0      0      0      0      0      0      6
 184   -44.250      0      0      0      0      0      0      0      0      0      0      0     34
 185   -44.000      0      0      0      0      0      0      0      0      0      0      0     42
 186   -43.750      0      0      0      0      0      0      0      0      0      0      0      4
 187   -43.500      0      0      0      0      0      0      0      0      0      0      0     12
 188   -43.250      0      0      0      0      0      0      0      0      0      0      0     57
 189   -43.000      0      0      0      0      0      0      0      0      0      0      0     12
 190   -42.750      0      0      0      0      0      0      0      0      0      0      0      5
 191   -42.500      0      0      0      0      0      0      0      0      0      0      0     25
 192   -42.250      0      0      0      0      0      0      0      0      0      0      0     48
 193   -42.000      0      0      0      0      0      0      0      0      0      0      0      6
 194   -41.750      0      0      0      0      0      0      0      0      0      0      0      6
 195   -41.500      0      0      0      0      0      0      0      0      0      0      0     45
 196   -41.250      0      0      0      0      0      0      0      0      0      0      0     29
 197   -41.000      0      0      0      0      0      0      0      0      0      0      0      5
 198   -40.750      0      0      0      0      0      0      0      0      0      0      0     19
 199   -40.500      0      0      0      0      0      0      0      0      0      0      0     52
 200   -40.250      0      0      0      0      0      0      0      0      0      0      0      7
 201   -40.000      0      0      0      0      0      0      0      0      0      0      0      5
 202   -39.750      0      0      0      0      0      0      0      0      0      0      0     34
 203   -39.500      0      0      0      0      0      0      0      0      0      0      0     41
 204   -39.250      0      0      0      0      0      0      0      0      0      0      0      5
 205   -39.000      0      0      0      0      0      0      0      0      0      0      0     11
 206   -38.750      0      0      0      0      0      0      0      0      0      0      0     57
 207   -38.500      0      0      0      0      0      0      0      0      0      0      0     10
 208   -38.250      0      0      0      0      0      0      0      0      0      0      0      4
 209   -38.000      0      0      0      0      0      0      0      0      0      0      0     23
 210   -37.750      0      0      0      0      0      0      0      0      0      0      0     47
 211   -37.500      0      0      0      0      0      0      0      0      0      0      0      5
 212   -37.250      0      0      0      0      0      0      0      0      0      0      0      5
 213   -37.000      0      0      0      0      0      0      0      0      0      0      0     43
 214   -36.750      0      0      0      0      0      0      0      0      0      0      0     27
 215   -36.500      0      0      0      0      0      0      0      0      0      0      0      4
 216   -36.250      0      0      0      0      0      0      0      0      0      0      0     16
 217   -36.000      0      0      0      0      0      0      0      0      0      0      0     52
 218   -35.750      0      0      0      0      0      0      0      0      0      0      0      6
 219   -35.500      0      0      0      0      0      0      0      0      0      0      0      5
 220   -35.250      0      0      0      0      0      0      0      0      0      0      0     31
 221   -35.000      0      0      0      0      0      0      0      0      0      0      0     39
 222   -34.750      0      0      0      0      0      0      0      0      0      0      0      4
 223   -34.500      0      0      0      0      0      0      0      0      0      0      0     10
 224   -34.250      0      0      0      0      0      0      0      0      0      0      0     49
 225   -34.000      0      0      0      0      0      0      0      0      0      0      0      9
 226   -33.750      0      0      0      0      0      0      0      0      0      0      0      4
 227   -33.500      0      0      0      0      0      0      0      0      0      0      0     21
 228   -33.250      0      0      0      0      0      0      0      0      0      0      0     41
 229   -33.000      0      0      0      0      0      0      0      0      0      0      0      5
 230   -32.750      0      0      0      0      0      0      0      0      0      0      0      5
 231   -32.500      0      0      0      0      0      0      0      0      0      0      0     42
 232   -32.250      0      0      0      0      0      0      0      0      0      0      0     20
 233   -32.000      0      0      0      0      0      0      0      0      0      0      0      3
 234   -31.750      0      0      0      0      0      0      0      0      0      0      0     16
 235   -31.500      0      0      0      0      0      0      0      0      0      0      0     41
 236   -31.250      0      0      0      0      0      0      0      0      0      0      0      5
 237   -31.000      0      0      0      0      0      0      0      0      0      0      0      4
 238   -30.750      0      0      0      0      0      0      0      0      0      0      0     29
 239   -30.500      0      0      0      0      0      0      0      0      0      0      0     33
 240   -30.250      0      0      0      0      0      0      0      0      0      0      0      3
 241   -30.000      0      0      0      0      0      0      0      0      0      0      0     10
 242   -29.750      0      0      0      0      0      0      0      0      0      0      0     45
 243   -29.500      0      0      0      0      0      0      0      0      0      0      0      7
 244   -29.250      0      0      0      0      0      0      0      0      0      0      0      4
 245   -29.000      0      0      0      0      0      0      0      0      0      0      0     20
 246   -28.750      0      0      0      0      0      0      0      0      0      0      0     36
 247   -28.500      0      0      0      0      0      0      0      0      0      0      0      4
 248   -28.250      0      0      0      0      0      0      0      0      0      0      0      4
 249   -28.000      0      0      0      0      0      0      0      0      0      0      0     39
 250   -27.750      0      0      0      0      0      0      0      0      0      0      0     19
 251   -27.500      0      0      0      0      0      0      0      0      0      0      0      3
 252   -27.250      0      0      0      0      0      0      0      0      0      0      0     15
 253   -27.000      0      0      0      0      0      0      0      0      0      0      0     41
 254   -26.750      0      0      0      0      0      0      0      0      0      0      0      5
 255   -26.500      0      0      0      0      0      0      0      0      0      0      0      3
 256   -26.250      0      0      0      0      0      0      0      0      0      0      0     27
 257   -26.000      0      0      0      0      0      0      0      0      0      0      0     33
 258   -25.750      0      0      0      0      0      0      0      0      0      0      0      3
 259   -25.500      0      0      0      0      0      0      0      0      0      0      0      9
 260   -25.250      0      0      0      0      0      0      0      0      0      0      0     44
 261   -25.000      0      0      0      0      0      0      0      0      0      0      0      7
 262   -24.750      0      0      0      0      0      0      0      0      0      0      0      4
 263   -24.500      0      0      0      0      0      0      0      0      0      0      0     20
 264   -24.250      0      0      0      0      0      0      0      0      0      0      0     36
 265   -24.000      0      0      0      0      0      0      0      0      0      0      0      4
 266   -23.750      0      0      0      0      0      0      0      0      0      0      0      5
 267   -23.500      0      0      0      0      0      0      0      0      0      0      0     38
 268   -23.250      0      0      0      0      0      0      0      0      0      0      0     17
 269   -23.000      0      0      0      0      0      0      0      0      0      0      0      3
 270   -22.750      0      0      0      0      0      0      0      0      0      0      0     14
 271   -22.500      0      0      0      0      0      0      0      0      0      0      0     39
 272   -22.250      0      0      0      0      0      0      0      0      0      0      0      5
 273   -22.000      0      0      0      0      0      0      0      0      0      0      0      3
 274   -21.750      0      0      0      0      0      0      0      0      0      0      0     25
 275   -21.500      0      0      0      0      0      0      0      0      0      0      0     30
 276   -21.250      0      0      0      0      0      0      0      0      0      0      0      3
 277   -21.000      0      0      0      0      0      0      0      0      0      0      0      9
 278   -20.750      0      0      0      0      0      0      0      0      0      0      0     41
 279   -20.500      0      0      0      0      0      0      0      0      0      0      0      7
 280   -20.250      0      0      0      0      0      0      0      0      0      0      0      3
 281   -20.000      0      0      0      0      0      0      0      0      0      0      0     20
 282   -19.750      0      0      0      0      0      0      0      0      0      0      0     34
 283   -19.500      0      0      0      0      0      0      0      0      0      0      0      4
 284   -19.250      0      0      0      0      0      0      0      0      0      0      0      4
 285   -19.000      0      0      0      0      0      0      0      0      0      0      0     38
 286   -18.750      0      0      0      0      0      0      0      0      0      0      0     16
 287   -18.500      0      0      0      0      0      0      0      0      0      0      0      3
 288   -18.250      0      0      0      0      0      0      0      0      0      0      0     12
 289   -18.000      0      0      0      0      0      0      0      0      0      0      0     42
 290   -17.750      0      0      0      0      0      0      0      0      0      0      0      5
 291   -17.500      0      0      0      0      0      0      0      0      0      0      0      3
 292   -17.250      0      0      0      0      0      0      0      0      0      0      0     23
 293   -17.000      0      0      0      0      0      0      0      0      0      0      0     31
 294   -16.750      0      0      0      0      0      0      0      0      0      0      0      3
 295   -16.500      0      0      0      0      0      0      0      0      0      0      0      8
 296   -16.250      0      0      0      0      0      0      0      0      0      0      0     41
 297   -16.000      0      0      0      0      0      0      0      0      0      0      0      8
 298   -15.750      0      0      0      0      0      0      0      0      0      0      0      3
 299   -15.500      0      0      0      0      0      0      0      0      0      0      0     20
 300   -15.250      0      0      0      0      0      0      0      0      0      0      0     37
 301   -15.000      0      0      0      0      0      0      0      0      0      0      0      4
 302   -14.750      0      0      0      0      0      0      0      0      0      0      0      4
 303   -14.500      0      0      0      0      0      0      0      0      0      0      0     37
 304   -14.250      0      0      0      0      0      0      0      0      0      0      0     18
 305   -14.000      0      0      0      0      0      0      0      0      0      0      0      3
 306   -13.750      0      0      0      0      0      0      0      0      0      0      0     16
 307   -13.500      0      0      0      0      0      0      0      0      0      0      0     42
 308   -13.250      0      0      0      0      0      0      0      0      0      0      0      4
 309   -13.000      0      0      0      0      0      0      0      0      0      0      0      4
 310   -12.750      0      0      0      0      0      0      0      0      0      0      0     26
 311   -12.500      0      0      0      0      0      0      0      0      0      0      0     34
 312   -12.250      0      0      0      0      0      0      0      0      0      0      0      4
 313   -12.000      0      0      0      0      0      0      0      0      0      0      0     10
 314   -11.750      0      0      0      0      0      0      0      0      0      0      0     46
 315   -11.500      0      0      0      0      0      0      0      0      0      0      0      7
 316   -11.250      0      0      0      0      0      0      0      0      0      0      0      4
 317   -11.000      0      0      0      0      0      0      0      0      0      0      0     19
 318   -10.750      0      0      0      0      0      0      0      0      0      0      0     38
 319   -10.500      0      0      0      0      0      0      0      0      0      0      0      4
 320   -10.250      0      0      0      0      0      0      0      0      0      0      0      4
 321   -10.000      0      0      0      0      0      0      0      0      0      0      0     40
 322    -9.750      0      0      0      0      0      0      0      0      0      0      0     18
 323    -9.500      0      0      0      0      0      0      0      0      0      0      0      3
 324    -9.250      0      0      0      0      0      0      0      0      0      0      0     13
 325    -9.000      0      0      0      0      0      0      0      0      0      0      0     38
 326    -8.750      0      0      0      0      0      0      0      0      0      0      0      5
 327    -8.500      0      0      0      0      0      0      0      0      0      0      0      3
 328    -8.250      0      0      0      0      0      0      0      0      0      0      0     23
 329    -8.000      0      0      0      0      0      0      0      0      0      0      0     28
 330    -7.750      0      0      0      0      0      0      0      0      0      0      0      3
 331    -7.500      0      0      0      0      0      0      0      0      0      0      0      9
 332    -7.250      0      0      0      0      0      0      0      0      0      0      0     42
 333    -7.000      0      0      0      0      0      0      0      0      0      0      0      7
 334    -6.750      0      0      0      0      0      0      0      0      0      0      0      5
 335    -6.500      0      0      0      0      0      0      0      0      0      0      0     18
 336    -6.250      0      0      0      0      0      0      0      0      0      0      0     34
 337    -6.000      0      0      0      0      0      0      0      0      0      0      0      4
 338    -5.750      0      0      0      0      0      0      0      0      0      0      0      5
 339    -5.500      0      0      0      0      0      0      0      0      0      0      0     36
 340    -5.250      0      0      0      0      0      0      0      0      0      0      0     17
 341    -5.000      0      0      0      0      0      0      0      0      0      0      0      3
 342    -4.750      0      0      0      0      0      0      0      0      0      0      0     14
 343    -4.500      0      0      0      0      0      0      0      0      0      0      0     37
 344    -4.250      0      0      0      0      0      0      0      0      0      0      0      5
 345    -4.000      0      0      0      0      0      0      0      0      0      0      0      3
 346    -3.750      0      0      0      0      0      0      0      0      0      0      0     22
 347    -3.500      0      0      0      0      0      0      0      0      0      0      0     29
 348    -3.250      0      0      0      0      0      0      0      0      0      0      0      3
 349    -3.000      0      0      0      0      0      0      0      0      0      0      0      9
 350    -2.750      0      0      0      0      0      0      0      0      0      0      0     39
 351    -2.500      0      0      0      0      0      0      0      0      0      0      0      6
 352    -2.250      0      0      0      0      0      0      0      0      0      0      0      3
 353    -2.000      0      0      0      0      0      0      0      0      0      0      0     18
 354    -1.750      0      0      0      0      0      0      0      0      0      0      0     32
 355    -1.500      0      0      0      0      0      0      0      0      0      0      0      3
 356    -1.250      0      0      0      0      0      0      0      0      0      0      0      4
 357    -1.000      0      0      0      0      0      0      0      0      0      0      0     35
 358    -0.750      0      0      0      0      0      0      0      0      0      0      0     17
 359    -0.500      0      0      0      0      0      0      0      0      0      0      0      3
 360    -0.250      0      0      0      0      0      0      0      0      0      0      0     14
 361     0.000      0      0      0      0      0      0      0      0      0      0      0     40
 362     0.250      0      0      0      0      0      0      0      0      0      0      0      5
 363     0.500      0      0      0      0      0      0      0      0      0      0      0      3
 364     0.750      0      0      0      0      0      0      0      0      0      0      0     25
 365     1.000      0      0      0      0      0      0      0      0      0      0      0     29
 366     1.250      0      0      0      0      0      0      0      0      0      0      0      4
 367     1.500      0      0      0      0      0      0      0      0      0      0      0      9
 368     1.750      0      0      0      0      0      0      0      0      0      0      0     44
 369     2.000      0      0      0      0      0      0      0      0      0      0      0      7
 370     2.250      0      0      0      0      0      0      0      0      0      0      0      3
 371     2.500      0      0      0      0      0      0      0      0      0      0      0     20
 372     2.750      0      0      0      0      0      0      0      0      0      0      0     36
 373     3.000      0      0      0      0      0      0      0      0      0      0      0      4
 374     3.250      0      0      0      0      0      0      0      0      0      0      0      4
 375     3.500      0      0      0      0      0      0      0      0      0      0      0     37
 376     3.750      0      0      0      0      0      0      0      0      0      0      0     17
 377     4.000      0      0      0      0      0      0      0      0      0      0      0      3
 378     4.250      0      0      0      0      0      0      0      0      0      0      0     15
 379     4.500      0      0      0      0      0      0      0      0      0      0      0     39
 380     4.750      0      0      0      0      0      0      0      0      0      0      0      5
 381     5.000      0      0      0      0      0      0      0      0      0      0      0      3
 382     5.250      0      0      0      0      0      0      0      0      0      0      0     24
 383     5.500      0      0      0      0      0      0      0      0      0      0      0     30
 384     5.750      0      0      0      0      0      0      0      0      0      0      0      3
 385     6.000      0      0      0      0      0      0      0      0      0      0      0     10
 386     6.250      0      0      0      0      0      0      0      0      0      0      0     42
 387     6.500      0      0      0      0      0      0      0      0      0      0      0      7
 388     6.750      0      0      0      0      0      0      0      0      0      0      0      3
 389     7.000      0      0      0      0      0      0      0      0      0      0      0     19
 390     7.250      0      0      0      0      0      0      0      0      0      0      0     33
 391     7.500      0      0      0      0      0      0      0      0      0      0      0      3
 392     7.750      0      0      0      0      0      0      0      0      0      0      0      5
 393     8.000      0      0      0      0      0      0      0      0      0      0      0     34
 394     8.250      0      0      0      0      0      0      0      0      0      0      0     17
 395     8.500      0      0      0      0      0      0      0      0      0      0      0      3
 396     8.750      0      0      0      0      0      0      0      0      0      0      0     14
 397     9.000      0      0      0      0      0      0      0      0      0      0      0     37
 398     9.250      0      0      0      0      0      0      0      0      0      0      0      4
 399     9.500      0      0      0      0      0      0      0      0      0      0      0      3
 400     9.750      0      0      0      0      0      0      0      0      0      0      0     23
 401    10.000      0      0      0      0      0      0      0      0      0      0      0     29
 402    10.250      0      0      0      0      0      0      0      0      0      0      0      3
 403    10.500      0      0      0      0      0      0      0      0      0      0      0      7
 404    10.750      0      0      0      0      0      0      0      0      0      0      0     40
 405    11.000      0      0      0      0      0      0      0      0      0      0      0      7
 406    11.250      0      0      0      0      0      0      0      0      0      0      0      4
 407    11.500      0      0      0      0      0      0      0      0      0      0      0     19
 408    11.750      0      0      0      0      0      0      0      0      0      0      0     34
 409    12.000      0      0      0      0      0      0      0      0      0      0      0      3
 410    12.250      0      0      0      0      0      0      0      0      0      0      0      4
 411    12.500      0      0      0      0      0      0      0      0      0      0      0     36
 412    12.750      0      0      0      0      0      0      0      0      0      0      0     17
 413    13.000      0      0      0      0      0      0      0      0      0      0      0      4
 414    13.250      0      0      0      0      0      0      0      0      0      0      0     15
 415    13.500      0      0      0      0      0      0      0      0      0      0      0     41
 416    13.750      0      0      0      0      0      0      0      0      0      0      0      5
 417    14.000      0      0      0      0      0      0      0      0      0      0      0      3
 418    14.250      0      0      0      0      0      0      0      0      0      0      0     25
 419    14.500      0      0      0      0      0      0      0      0      0      0      0     30
 420    14.750      0      0      0      0      0      0      0      0      0      0      0      4
 421    15.000      0      0      0      0      0      0      0      0      0      0      0     10
 422    15.250      0      0      0      0      0      0      0      0      0      0      0     42
 423    15.500      0      0      0      0      0      0      0      0      0      0      0      6
 424    15.750      0      0      0      0      0      0      0      0      0      0      0      3
 425    16.000      0      0      0      0      0      0      0      0      0      0      0     19
 426    16.250      0      0      0      0      0      0      0      0      0      0      0     32
 427    16.500      0      0      0      0      0      0      0      0      0      0      0      3
 428    16.750      0      0      0      0      0      0      0      0      0      0      0      5
 429    17.000      0      0      0      0      0      0      0      0      0      0      0     37
 430    17.250      0      0      0      0      0      0      0      0      0      0      0     16
 431    17.500      0      0      0      0      0      0      0      0      0      0      0      3
 432    17.750      0      0      0      0      0      0      0      0      0      0      0     13
 433    18.000      0      0      0      0      0      0      0      0      0      0      0     36
 434    18.250      0      0      0      0      0      0      0      0      0      0      0      4
 435    18.500      0      0      0      0      0      0      0      0      0      0      0      4
 436    18.750      0      0      0      0      0      0      0      0      0      0      0     21
 437    19.000      0      0      0      0      0      0      0      0      0      0      0     25
 438    19.250      0      0      0      0      0      0      0      0      0      0      0      4
 439    19.500      0      0      0      0      0      0      0      0      0      0      0      9
 440    19.750      0      0      0      0      0      0      0      0      0      0      0     39
 441    20.000      0      0      0      0      0      0      0      0      0      0      0      6
 442    20.250      0      0      0      0      0      0      0      0      0      0      0      3
 443    20.500      0      0      0      0      0      0      0      0      0      0      0     18
 444    20.750      0      0      0      0      0      0      0      0      0      0      0     31
 445    21.000      0      0      0      0      0      0      0      0      0      0      0      4
 446    21.250      0      0      0      0      0      0      0      0      0      0      0      4
 447    21.500      0      0      0      0      0      0      0      0      0      0      0     32
 448    21.750      0      0      0      0      0      0      0      0      0      0      0     14
 449    22.000      0      0      0      0      0      0      0      0      0      0      0      3
 450    22.250      0      0      0      0      0      0      0      0      0      0      0     12
 451    22.500      0      0      0      0      0      0      0      0      0      0      0     33
 452    22.750      0      0      0      0      0      0      0      0      0      0      0      5
 453    23.000      0      0      0      0      0      0      0      0      0      0      0      3
 454    23.250      0      0      0      0      0      0      0      0      0      0      0     20
 455    23.500      0      0      0      0      0      0      0      0      0      0      0     26
 456    23.750      0      0      0      0      0      0      0      0      0      0      0      2
 457    24.000      0      0      0      0      0      0      0      0      0      0      0      8
 458    24.250      0      0      0      0      0      0      0      0      0      0      0     36
 459    24.500      0      0      0      0      0      0      0      0      0      0      0      6
 460    24.750      0      0      0      0      0      0      0      0      0      0      0      2
 461    25.000      0      0      0      0      0      0      0      0      0      0      0     15
 462    25.250      0      0      0      0      0      0      0      0      0      0      0     27
 463    25.500      0      0      0      0      0      0      0      0      0      0      0      3
 464    25.750      0      0      0      0      0      0      0      0      0      0      0      4
 465    26.000      0      0      0      0      0      0      0      0      0      0      0     30
 466    26.250      0      0      0      0      0      0      0      0      0      0      0     14
 467    26.500      0      0      0      0      0      0      0      0      0      0      0      3
 468    26.750      0      0      0      0      0      0      0      0      0      0      0     11
 469    27.000      0      0      0      0      0      0      0      0      0      0      0     31
 470    27.250      0      0      0      0      0      0      0      0      0      0      0      3
 471    27.500      0      0      0      0      0      0      0      0      0      0      0      3
 472    27.750      0      0      0      0      0      0      0      0      0      0      0     18
 473    28.000      0      0      0      0      0      0      0      0      0      0      0     23
 474    28.250      0      0      0      0      0      0      0      0      0      0      0      2
 475    28.500      0      0      0      0      0      0      0      0      0      0      0      7
 476    28.750      0      0      0      0      0      0      0      0      0      0      0     32
 477    29.000      0      0      0      0      0      0      0      0      0      0      0      6
 478    29.250      0      0      0      0      0      0      0      0      0      0      0      3
 479    29.500      0      0      0      0      0      0      0      0      0      0      0     14
 480    29.750      0      0      0      0      0      0      0      0      0      0      0     26
 481    30.000      0      0      0      0      0      0      0      0      0      0      0      3
 482    30.250      0      0      0      0      0      0      0      0      0      0      0      3
 483    30.500      0      0      0      0      0      0      0      0      0      0      0     29
 484    30.750      0      0      0      0      0      0      0      0      0      0      0     12
 485    31.000      0      0      0      0      0      0      0      0      0      0      0      2
 486    31.250      0      0      0      0      0      0      0      0      0      0      0     10
 487    31.500      0      0      0      0      0      0      0      0      0      0      0     30
 488    31.750      0      0      0      0      0      0      0      0      0      0      0      4
 489    32.000      0      0      0      0      0      0      0      0      0      0      0      3
 490    32.250      0      0      0      0      0      0      0      0      0      0      0     19
 491    32.500      0      0      0      0      0      0      0      0      0      0      0     24
 492    32.750      0      0      0      0      0      0      0      0      0      0      0      2
 493    33.000      0      0      0      0      0      0      0      0      0      0      0      7
 494    33.250      0      0      0      0      0      0      0      0      0      0      0     31
 495    33.500      0      0      0      0      0      0      0      0      0      0      0      5
 496    33.750      0      0      0      0      0      0      0      0      0      0      0      3
 497    34.000      0      0      0      0      0      0      0      0      0      0      0     15
 498    34.250      0      0      0      0      0      0      0      0      0      0      0     27
 499    34.500      0      0      0      0      0      0      0      0      0      0      0      3
 500    34.750      0      0      0      0      0      0      0      0      0      0      0      3
 501    35.000      0      0      0      0      0      0      0      0      0      0      0     27
 502    35.250      0      0      0      0      0      0      0      0      0      0      0     13
 503    35.500      0      0      0      0      0      0      0      0      0      0      0      2
 504    35.750      0      0      0      0      0      0      0      0      0      0      0     10
 505    36.000      0      0      0      0      0      0      0      0      0      0      0     29
 506    36.250      0      0      0      0      0      0      0      0      0      0      0      3
 507    36.500      0      0      0      0      0      0      0      0      0      0      0      3
 508    36.750      0      0      0      0      0      0      0      0      0      0      0     17
 509    37.000      0      0      0      0      0      0      0      0      0      0      0     21
 510    37.250      0      0      0      0      0      0      0      0      0      0      0      3
 511    37.500      0      0      0      0      0      0      0      0      0      0      0      7
 512    37.750      0      0      0      0      0      0      0      0      0      0      0     31
 513    38.000      0      0      0      0      0      0      0      0      0      0      0      5
 514    38.250      0      0      0      0      0      0      0      0      0      0      0      2
 515    38.500      0      0      0      0      0      0      0      0      0      0      0     14
 516    38.750      0      0      0      0      0      0      0      0      0      0      0     25
 517    39.000      0      0      0      0      0      0      0      0      0      0      0      3
 518    39.250      0      0      0      0      0      0      0      0      0      0      0      3
 519    39.500      0      0      0      0      0      0      0      0      0      0      0     25
 520    39.750      0      0      0      0      0      0      0      0      0      0      0     13
 521    40.000      0      0      0      0      0      0      0      0      0      0      0      2
 522    40.250      0      0      0      0      0      0      0      0      0      0      0     10
 523    40.500      0      0      0      0      0      0      0      0      0      0      0     26
 524    40.750      0      0      0      0      0      0      0      0      0      0      0      2
 525    41.000      0      0      0      0      0      0      0      0      0      0      0      3
 526    41.250      0      0      0      0      0      0      0      0      0      0      0     16
 527    41.500      0      0      0      0      0      0      0      0      0      0      0     18
 528    41.750      0      0      0      0      0      0      0      0      0      0      0      3
 529    42.000      0      0      0      0      0      0      0      0      0      0      0      7
 530    42.250      0      0      0      0      0      0      0      0      0      0      0     29
 531    42.500      0      0      0      0      0      0      0      0      0      0      0      5
 532    42.750      0      0      0      0      0      0      0      0      0      0      0      3
 533    43.000      0      0      0      0      0      0      0      0      0      0      0     13
 534    43.250      0      0      0      0      0      0      0      0      0      0      0     22
 535    43.500      0      0      0      0      0      0      0      0      0      0      0      2
 536    43.750      0      0      0      0      0      0      0      0      0      0      0      3
 537    44.000      0      0      0      0      0      0      0      0      0      0      0     22
 538    44.250      0      0      0      0      0      0      0      0      0      0      0     10
 539    44.500      0      0      0      0      0      0      0      0      0      0      0      2
 540    44.750      0      0      0      0      0      0      0      0      0      0      0      9
 541    45.000      0      0      0      0      0      0      0      0      0      0      0     24
 542    45.250      0      0      0      0      0      0      0      0      0      0      0      2
 543    45.500      0      0      0      0      0      0      0      0      0      0      0      2
 544    45.750      0      0      0      0      0      0      0      0      0      0      0     13
 545    46.000      0      0      0      0      0      0      0      0      0      0      0     17
 546    46.250      0      0      0      0      0      0      0      0      0      0      0      1
 547    46.500      0      0      0      0      0      0      0      0      0      0      0      6
 548    46.750      0      0      0      0      0      0      0      0      0      0      0     23
 549    47.000      0      0      0      0      0      0      0      0      0      0      0      4
 550    47.250      0      0      0      0      0      0      0      0      0      0      0      2
 551    47.500      0      0      0      0      0      0      0      0      0      0      0     11
 552    47.750      0      0      0      0      0      0      0      0      0      0      0     19
 553    48.000      0      0      0      0      0      0      0      0      0      0      0      1
 554    48.250      0      0      0      0      0      0      0      0      0      0      0      3
 555    48.500      0      0      0      0      0      0      0      0      0      0      0     18
 556    48.750      0      0      0      0      0      0      0      0      0      0      0      9
 557    49.000      0      0      0      0      0      0      0      0      0      0      0      2
 558    49.250      0      0      0      0      0      0      0      0      0      0      0      8
 559    49.500      0      0      0      0      0      0      0      0      0      0      0     20
 560    49.750      0      0      0      0      0      0      0      0      0      0      0      1
 561    50.000      0      0      0      0      0      0      0      0      0      0      0      1
 562    50.250      0      0      0      0      0      0      0      0      0      0      0     12
 563    50.500      0      0      0      0      0      0      0      0      0      0      0     14
 564    50.750      0      0      0      0      0      0      0      0      0      0      0      2
 565    51.000      0      0      0      0      0      0      0      0      0      0      0      5
 566    51.250      0      0      0      0      0      0      0      0      0      0      0     18
 567    51.500      0      0      0      0      0      0      0      0      0      0      0      4
 568    51.750      0      0      0      0      0      0      0      0      0      0      0      1
 569    52.000      0      0      0      0      0      0      0      0      0      0      0      7
 570    52.250      0      0      0      0      0      0      0      0      0      0      0     13
 571    52.500      0      0      0      0      0      0      0      0      0      0      0      1
 572    52.750      0      0      0      0      0      0      0      0      0      0      0      2
 573    53.000      0      0      0      0      0      0      0      0      0      0      0     14
 574    53.250      0      0      0      0      0      0      0      0      0      0      0      8
 575    53.500      0      0      0      0      0      0      0      0      0      0      0      1
 576    53.750      0      0      0      0      0      0      0      0      0      0      0      6
 577    54.000      0      0      0      0      0      0      0      0      0      0      0     15
 578    54.250      0      0      0      0      0      0      0      0      0      0      0      1
 579    54.500      0      0      0      0      0      0      0      0      0      0      0      1
 580    54.750      0      0      0      0      0      0      0      0      0      0      0     10
 581    55.000      0      0      0      0      0      0      0      0      0      0      0     12
 582    55.250      0      0      0      0      0      0      0      0      0      0      0      1
 583    55.500      0      0      0      0      0      0      0      0      0      0      0      5
 584    55.750      0      0      0      0      0      0      0      0      0      0      0     15
 585    56.000      0      0      0      0      0      0      0      0      0      0      0      4
 586    56.250      0      0      0      0      0      0      0      0      0      0      0      1
 587    56.500      0      0      0      0      0      0      0      0      0      0      0      7
 588    56.750      0      0      0      0      0      0      0      0      0      0      0     13
 589    57.000      0      0      0      0      0      0      0      0      0      0      0      1
 590    57.250      0      0      0      0      0      0      0      0      0      0      0      2
 591    57.500      0      0      0      0      0      0      0      0      0      0      0     13
 592    57.750      0      0      0      0      0      0      0      0      0      0      0      7
 593    58.000      0      0      0      0      0      0      0      0      0      0      0      1
 594    58.250      0      0      0      0      0      0      0      0      0      0      0      5
 595    58.500      0      0      0      0      0      0      0      0      0      0      0     13
 596    58.750      0      0      0      0      0      0      0      0      0      0      0      2
 597    59.000      0      0      0      0      0      0      0      0      0      0      0      2
 598    59.250      0      0      0      0      0      0      0      0      0      0      0      6
 599    59.500      0      0      0      0      0      0      0      0      0      0      0      8
 600    59.750      0      0      0      0      0      0      0      0      0      0      0      1
 601    60.000      0      0      0      0      0      0      0      0      0      0      0      2
 602    60.250      0      0      0      0      0      0      0      0      0      0      0      8
 603    60.500      0      0      0      0      0      0      0      0      0      0      0      2
 604    60.750      0      0      0      0      0      0      0      0      0      0      0      1
 605    61.000      0      0      0      0      0      0      0      0      0      0      0      4
 606    61.250      0      0      0      0      0      0      0      0      0      0      0      8
 607    61.500      0      0      0      0      0      0      0      0      0      0      0      1
 608    61.750      0      0      0      0      0      0      0      0      0      0      0      1
 609    62.000      0      0      0      0      0      0      0      0      0      0      0      7
 610    62.250      0      0      0      0      0      0      0      0      0      0      0      4
 611    62.500      0      0      0      0      0      0      0      0      0      0      0      0
 612    62.750      0      0      0      0      0      0      0      0      0      0      0      3
 613    63.000      0      0      0      0      0      0      0      0      0      0      0      7
 614    63.250      0      0      0      0      0      0      0      0      0      0      0      1
 615    63.500      0      0      0      0      0      0      0      0      0      0      0      0
 616    63.750      0      0      0      0      0      0      0      0      0      0      0      4
 617    64.000      0      0      0      0      0      0      0      0      0      0      0      5
 618    64.250      0      0      0      0      0      0      0      0      0      0      0      0
 619    64.500      0      0      0      0      0      0      0      0      0      0      0      1
 620    64.750      0      0      0      0      0      0      0      0      0      0      0      5
 621    65.000      0      0      0      0      0      0      0      0      0      0      0      1
 622    65.250      0      0      0      0      0      0      0      0      0      0      0      0
 623    65.500      0      0      0      0      0      0      0      0      0      0      0      2
 624    65.750      0      0      0      0      0      0      0      0      0      0      0      4
 625    66.000      0      0      0      0      0      0      0      0      0      0      0      0
 626    66.250      0      0      0      0      0      0      0      0      0      0      0      1
 627    66.500      0      0      0      0      0      0      0      0      0      0      0      4
 628    66.750      0      0      0      0      0      0      0      0      0      0      0      2
 629    67.000      0      0      0      0      0      0      0      0      0      0      0      1
 630    67.250      0      0      0      0      0      0      0      0      0      0      0      4
 631    67.500      0      0      0      0      0      0      0      0      0      0      0      6
 632    67.750      0      0      0      0      0      0      0      0      0      0      0      1
 633    68.000      0      0      0      0      0      0      0      0      0      0      0      1
 634    68.250      0      0      0      0      0      0      0      0      0      0      0      4
 635    68.500      0      0      0      0      0      0      0      0      0      0      0      6
 636    68.750      0      0      0      0      0      0      0      0      0      0      0      1
 637    69.000      0      0      0      0      0      0      0      0      0      0      0      2
 638    69.250      0      0      0      0      0      0      0      0      0      0      0      7
 639    69.500      0      0      0      0      0      0      0      0      0      0      0      3
 640    69.750      0      0      0      0      0      0      0      0      0      0      0      1
 641    70.000      0      0      0      0      0      0      0      0      0      0      0      4
 642    70.250      0      0      0      0      0      0      0      0      0      0      0      7
 643    70.500      0      0      0      0      0      0      0      0      0      0      0      1
 644    70.750      0      0      0      0      0      0      0      0      0      0      0      1
 645    71.000      0      0      0      0      0      0      0      0      0      0      0      7
 646    71.250      0      0      0      0      0      0      0      0      0      0      0      4
 647    71.500      0      0      0      0      0      0      0      0      0      0      0      1
 648    71.750      0      0      0      0      0      0      0      0      0      0      0      4
 649    72.000      0      0      0      0      0      0      0      0      0      0      0      9
 650    72.250      0      0      0      0      0      0      0      0      0      0      0      2
 651    72.500      0      0      0      0      0      0      0      0      0      0      0      2
 652    72.750      0      0      0      0      0      0      0      0      0      0      0      6
 653    73.000      0      0      0      0      0      0      0      0      0      0      0      6
 654    73.250      0      0      0      0      0      0      0      0      0      0      0      2
 655    73.500      0      0      0      0      0      0      0      0      0      0      0      3
 656    73.750      0      0      0      0      0      0      0      0      0      0      0      6
 657    74.000      0      0      0      0      0      0      0      0      0      0      0      4
 658    74.250      0      0      0      0      0      0      0      0      0      0      0      2
 659    74.500      0      0      0      0      0      0      0      0      0      0      0      4
 660    74.750      0      0      0      0      0      0      0      0      0      0      0      8
 661    75.000      0      0      0      0      0      0      0      0      0      0      0      1
 662    75.250      0      0      0      0      0      0      0      0      0      0      0      2
 663    75.500      0      0      0      0      0      0      0      0      0      0      0      5
 664    75.750      0      0      0      0      0      0      0      0      0      0      0      4
 665    76.000      0      0      0      0      0      0      0      0      0      0      0      1
 666    76.250      0      0      0      0      0      0      0      0      0      0      0      2
 667    76.500      0      0      0      0      0      0      0      0      0      0      0      5
 668    76.750      0      0      0      0      0      0      0      0      0      0      0      1
 669    77.000      0      0      0      0      0      0      0      0      0      0      0      1
 670    77.250      0      0      0      0      0      0      0      0      0      0      0      2
 671    77.500      0      0      0      0      0      0      0      0      0      0      0      4
 672    77.750      0      0      0      0      0      0      0      0      0      0      0      1
 673    78.000      0      0      0      0      0      0      0      0      0      0      0      0
 674    78.250      0      0      0      0      0      0      0      0      0      0      0      1
 675    78.500      0      0      0      0      0      0      0      0      0      0      0      0
 676    78.750      0      0      0      0      0      0      0      0      0      0      0      0
 677    79.000      0      0      0      0      0      0      0      0      0      0      0      0
 678    79.250      0      0      0      0      0      0      0      0      0      0      0      0
 679    79.500      0      0      0      0      0      0      0      0      0      0      0      0
 680    79.750      0      0      0      0      0      0      0      0      0      0      0      0
 681    80.000      0      0      0      0      0      0      0      0      0      0      0      0
 682    80.250      0      0      0      0      0      0      0      0      0      0      0      0
 683    80.500      0      0      0      0      0      0      0      0      0      0      0      0
 684    80.750      0      0      0      0      0      0      0      0      0      0      0      0
 685    81.000      0      0      0      0      0      0      0      0      0      0      0      0
 686    81.250      0      0      0      0      0      0      0      0      0      0      0      0
 687    81.500      0      0      0      0      0      0      0      0      0      0      0      0
 688    81.750      0      0      0      0      0      0      0      0      0      0      0      0
 689    82.000      0      0      0      0      0      0      0      0      0      0      0      0
 690    82.250      0      0      0      0      0      0      0      0      0      0      0      0
 691    82.500      0      0      0      0      0      0      0      0      0      0      0      0
 692    82.750      0      0      0      0      0      0      0      0      0      0      0      0
 693    83.000      0      0      0      0      0      0      0      0      0      0      0      0
 694    83.250      0      0      0      0      0      0      0      0      0      0      0      0
 695    83.500      0      0      0      0      0      0      0      0      0      0      0      0
 696    83.750      0      0      0      0      0      0      0      0      0      0      0      0
 697    84.000      0      0      0      0      0      0      0      0      0      0      0      0
 698    84.250      0      0      0      0      0      0      0      0      0      0      0      0
 699    84.500      0      0      0      0      0      0      0      0      0      0      0      0
 700    84.750      0      0      0      0      0      0      0      0      0      0      0      0
 701    85.000      0      0      0      0      0      0      0      0      0      0      0      0
 702    85.250      0      0      0      0      0      0      0      0      0      0      0      0
 703    85.500      0      0      0      0      0      0      0      0      0      0      0      0
 704    85.750      0      0      0      0      0      0      0      0      0      0      0      0
 705    86.000      0      0      0      0      0      0      0      0      0      0      0      0
 706    86.250      0      0      0      0      0      0      0      0      0      0      0      0
 707    86.500      0      0      0      0      0      0      0      0      0      0      0      0
 708    86.750      0      0      0      0      0      0      0      0      0      0      0      0
 709    87.000      0      0      0      0      0      0      0      0      0      0      0      0
 710    87.250      0      0      0      0      0      0      0      0      0      0      0      0
 711    87.500      0      0      0      0      0      0      0      0      0      0      0      0
 712    87.750      0      0      0      0      0      0      0      0      0      0      0      0
 713    88.000      0      0      0      0      0      0      0      0      0      0      0      0
 714    88.250      0      0      0      0      0      0      0      0      0      0      0      0
 715    88.500      0      0      0      0      0      0      0      0      0      0      0      0
 716    88.750      0      0      0      0      0      0      0      0      0      0      0      0
 717    89.000      0      0      0      0      0      0      0      0      0      0      0      0
 718    89.250      0      0      0      0      0      0      0      0      0      0      0      0
 719    89.500      0      0      0      0      0      0      0      0      0      0      0      0
 720    89.750      0      0      0      0      0      0      0      0      0      0      0      0
 721    90.000      0      0      0      0      0      0      0      0      0      0      0      0
 
last data file /discover/nobackup/projects/gmao/nwposse/develop/osse529/obs/Y2006/M06/D27/H18/osse529.diag_conv.20060627_18z.ods
sum of counts =     7972
