Channel Counts and Statistics
Data from  10 times
Last date and time:     20060627      120000
Last file of data: /discover/nobackup/projects/gmao/nwposse/develop/osse529/obs/Y2006/M06/D27/H12/osse529.diag_conv.20060627_12z.ods
Number of channels:  12
LatN, LatS:     90.0   -90.0
LonW, LonE:      0.0   360.0
Surface type: BOTH
 
Table 1: in, plevs, index_used, avg counts, means(omf,oma,amf), stdvs(omf,oma,amf), r=stdv(oma)/stdv(omf)
    1        0.00    0       0    0.000000    0.000000    0.000000    0.000000    0.000000    0.000000    0.000000
    2        0.00    0       0    0.000000    0.000000    0.000000    0.000000    0.000000    0.000000    0.000000
    3        0.00    0       0    0.000000    0.000000    0.000000    0.000000    0.000000    0.000000    0.000000
    4        0.00    0       0    0.000000    0.000000    0.000000    0.000000    0.000000    0.000000    0.000000
    5        0.00    0       0    0.000000    0.000000    0.000000    0.000000    0.000000    0.000000    0.000000
    6       71.43    0       0    0.000000    0.000000    0.000000    0.000000    0.000000    0.000000    0.000000
    7      214.29    0       0    0.000000    0.000000    0.000000    0.000000    0.000000    0.000000    0.000000
    8      357.14    1     320   -0.021192   -0.009619    0.011573    0.552777    0.488426    0.149401    0.883586
    9      500.00    2    1015    0.045068    0.034642   -0.010426    0.880421    0.723396    0.336776    0.821647
   10      642.86    3    3232    0.118537    0.021882   -0.096655    1.277671    1.020819    0.568012    0.798969
   11      785.71    4    3198    0.131618    0.022434   -0.109184    1.746841    1.463896    0.671397    0.838025
   12      928.57    5    3520   -0.048768   -0.039887    0.008881    1.891331    1.754467    0.507762    0.927636
 
Table 2: Average number of obs in lat range per synop period
 
      channel=      1      2      3      4      5      6      7      8      9     10     11     12
 
   1   -90.000      0      0      0      0      0      0      0      0      0      0      0      0
   2   -89.750      0      0      0      0      0      0      0      0      0      0      0      0
   3   -89.500      0      0      0      0      0      0      0      0      0      0      0      0
   4   -89.250      0      0      0      0      0      0      0      0      0      0      0      0
   5   -89.000      0      0      0      0      0      0      0      0      0      0      0      0
   6   -88.750      0      0      0      0      0      0      0      0      0      0      0      0
   7   -88.500      0      0      0      0      0      0      0      0      0      0      0      0
   8   -88.250      0      0      0      0      0      0      0      0      0      0      0      0
   9   -88.000      0      0      0      0      0      0      0      0      0      0      0      0
  10   -87.750      0      0      0      0      0      0      0      0      0      0      0      0
  11   -87.500      0      0      0      0      0      0      0      0      0      0      0      0
  12   -87.250      0      0      0      0      0      0      0      0      0      0      0      0
  13   -87.000      0      0      0      0      0      0      0      0      0      0      0      0
  14   -86.750      0      0      0      0      0      0      0      0      0      0      0      0
  15   -86.500      0      0      0      0      0      0      0      0      0      0      0      0
  16   -86.250      0      0      0      0      0      0      0      0      0      0      0      0
  17   -86.000      0      0      0      0      0      0      0      0      0      0      0      0
  18   -85.750      0      0      0      0      0      0      0      0      0      0      0      0
  19   -85.500      0      0      0      0      0      0      0      0      0      0      0      0
  20   -85.250      0      0      0      0      0      0      0      0      0      0      0      0
  21   -85.000      0      0      0      0      0      0      0      0      0      0      0      0
  22   -84.750      0      0      0      0      0      0      0      0      0      0      0      0
  23   -84.500      0      0      0      0      0      0      0      0      0      0      0      0
  24   -84.250      0      0      0      0      0      0      0      0      0      0      0      0
  25   -84.000      0      0      0      0      0      0      0      0      0      0      0      0
  26   -83.750      0      0      0      0      0      0      0      0      0      0      0      0
  27   -83.500      0      0      0      0      0      0      0      0      0      0      0      0
  28   -83.250      0      0      0      0      0      0      0      0      0      0      0      0
  29   -83.000      0      0      0      0      0      0      0      0      0      0      0      0
  30   -82.750      0      0      0      0      0      0      0      0      0      0      0      0
  31   -82.500      0      0      0      0      0      0      0      0      0      0      0      0
  32   -82.250      0      0      0      0      0      0      0      0      0      0      0      0
  33   -82.000      0      0      0      0      0      0      0      0      0      0      0      0
  34   -81.750      0      0      0      0      0      0      0      0      0      0      0      0
  35   -81.500      0      0      0      0      0      0      0      0      0      0      0      0
  36   -81.250      0      0      0      0      0      0      0      0      0      0      0      0
  37   -81.000      0      0      0      0      0      0      0      0      0      0      0      0
  38   -80.750      0      0      0      0      0      0      0      0      0      0      0      0
  39   -80.500      0      0      0      0      0      0      0      0      0      0      0      0
  40   -80.250      0      0      0      0      0      0      0      0      0      0      0      0
  41   -80.000      0      0      0      0      0      0      0      0      0      0      0      0
  42   -79.750      0      0      0      0      0      0      0      0      0      0      0      0
  43   -79.500      0      0      0      0      0      0      0      0      0      0      0      0
  44   -79.250      0      0      0      0      0      0      0      0      0      0      0      0
  45   -79.000      0      0      0      0      0      0      0      0      0      0      0      0
  46   -78.750      0      0      0      0      0      0      0      0      0      0      0      0
  47   -78.500      0      0      0      0      0      0      0      0      0      0      0      0
  48   -78.250      0      0      0      0      0      0      0      0      0      0      0      0
  49   -78.000      0      0      0      0      0      0      0      0      0      0      0      0
  50   -77.750      0      0      0      0      0      0      0      0      0      1      1      3
  51   -77.500      0      0      0      0      0      0      0      0      0      0      0      0
  52   -77.250      0      0      0      0      0      0      0      0      0      0      0      0
  53   -77.000      0      0      0      0      0      0      0      0      0      0      0      0
  54   -76.750      0      0      0      0      0      0      0      0      0      0      0      0
  55   -76.500      0      0      0      0      0      0      0      0      0      0      0      0
  56   -76.250      0      0      0      0      0      0      0      0      0      0      0      0
  57   -76.000      0      0      0      0      0      0      0      0      0      0      0      0
  58   -75.750      0      0      0      0      0      0      0      0      0      0      0      0
  59   -75.500      0      0      0      0      0      0      0      0      0      0      0      0
  60   -75.250      0      0      0      0      0      0      0      0      0      0      0      0
  61   -75.000      0      0      0      0      0      0      0      0      2      1      0      0
  62   -74.750      0      0      0      0      0      0      0      0      0      0      0      0
  63   -74.500      0      0      0      0      0      0      0      0      0      0      0      0
  64   -74.250      0      0      0      0      0      0      0      0      0      0      0      0
  65   -74.000      0      0      0      0      0      0      0      0      0      0      0      0
  66   -73.750      0      0      0      0      0      0      0      0      0      0      0      0
  67   -73.500      0      0      0      0      0      0      0      0      0      0      0      0
  68   -73.250      0      0      0      0      0      0      0      0      0      0      0      0
  69   -73.000      0      0      0      0      0      0      0      0      0      0      0      0
  70   -72.750      0      0      0      0      0      0      0      0      0      0      0      0
  71   -72.500      0      0      0      0      0      0      0      0      0      0      0      0
  72   -72.250      0      0      0      0      0      0      0      0      0      0      0      0
  73   -72.000      0      0      0      0      0      0      0      0      0      0      0      0
  74   -71.750      0      0      0      0      0      0      0      0      0      0      0      0
  75   -71.500      0      0      0      0      0      0      0      0      0      0      0      0
  76   -71.250      0      0      0      0      0      0      0      0      0      0      0      0
  77   -71.000      0      0      0      0      0      0      0      0      0      0      0      0
  78   -70.750      0      0      0      0      0      0      0      0      0      2      3      3
  79   -70.500      0      0      0      0      0      0      0      0      0      0      0      0
  80   -70.250      0      0      0      0      0      0      0      0      0      0      0      0
  81   -70.000      0      0      0      0      0      0      0      0      0      0      0      0
  82   -69.750      0      0      0      0      0      0      0      0      0      0      0      0
  83   -69.500      0      0      0      0      0      0      0      0      0      0      0      0
  84   -69.250      0      0      0      0      0      0      0      0      0      0      0      0
  85   -69.000      0      0      0      0      0      0      0      0      0      1      5      6
  86   -68.750      0      0      0      0      0      0      0      0      0      1      1      0
  87   -68.500      0      0      0      0      0      0      0      0      0      3      4      6
  88   -68.250      0      0      0      0      0      0      0      0      0      0      0      0
  89   -68.000      0      0      0      0      0      0      0      0      0      0      0      0
  90   -67.750      0      0      0      0      0      0      0      0      0      0      0      0
  91   -67.500      0      0      0      0      0      0      0      0      1      2      2      3
  92   -67.250      0      0      0      0      0      0      0      0      0      0      0      0
  93   -67.000      0      0      0      0      0      0      0      0      0      0      0      0
  94   -66.750      0      0      0      0      0      0      0      0      1      1      3      3
  95   -66.500      0      0      0      0      0      0      0      0      0      0      0      0
  96   -66.250      0      0      0      0      0      0      0      0      0      4      6      7
  97   -66.000      0      0      0      0      0      0      0      0      0      0      0      0
  98   -65.750      0      0      0      0      0      0      0      0      0      0      0      0
  99   -65.500      0      0      0      0      0      0      0      0      0      0      0      0
 100   -65.250      0      0      0      0      0      0      0      0      0      0      0      0
 101   -65.000      0      0      0      0      0      0      0      0      0      0      0      0
 102   -64.750      0      0      0      0      0      0      0      0      0      0      0      0
 103   -64.500      0      0      0      0      0      0      0      0      0      0      0      0
 104   -64.250      0      0      0      0      0      0      0      0      0      0      0      0
 105   -64.000      0      0      0      0      0      0      0      0      0      0      0      0
 106   -63.750      0      0      0      0      0      0      0      0      0      0      0      0
 107   -63.500      0      0      0      0      0      0      0      0      0      0      0      0
 108   -63.250      0      0      0      0      0      0      0      0      0      0      0      0
 109   -63.000      0      0      0      0      0      0      0      0      0      0      0      0
 110   -62.750      0      0      0      0      0      0      0      0      0      0      0      0
 111   -62.500      0      0      0      0      0      0      0      0      0      0      0      0
 112   -62.250      0      0      0      0      0      0      0      0      0      0      0      0
 113   -62.000      0      0      0      0      0      0      0      0      0      0      0      0
 114   -61.750      0      0      0      0      0      0      0      0      0      0      0      0
 115   -61.500      0      0      0      0      0      0      0      0      0      0      0      0
 116   -61.250      0      0      0      0      0      0      0      0      0      0      0      0
 117   -61.000      0      0      0      0      0      0      0      0      0      0      0      0
 118   -60.750      0      0      0      0      0      0      0      0      0      0      0      0
 119   -60.500      0      0      0      0      0      0      0      0      0      0      0      0
 120   -60.250      0      0      0      0      0      0      0      0      0      0      0      0
 121   -60.000      0      0      0      0      0      0      0      0      0      0      0      0
 122   -59.750      0      0      0      0      0      0      0      0      0      0      0      0
 123   -59.500      0      0      0      0      0      0      0      0      0      0      0      0
 124   -59.250      0      0      0      0      0      0      0      0      0      0      0      0
 125   -59.000      0      0      0      0      0      0      0      0      0      0      0      0
 126   -58.750      0      0      0      0      0      0      0      0      0      0      0      0
 127   -58.500      0      0      0      0      0      0      0      0      0      0      0      0
 128   -58.250      0      0      0      0      0      0      0      0      0      0      0      0
 129   -58.000      0      0      0      0      0      0      0      0      0      0      0      0
 130   -57.750      0      0      0      0      0      0      0      0      0      0      0      0
 131   -57.500      0      0      0      0      0      0      0      0      0      0      0      0
 132   -57.250      0      0      0      0      0      0      0      0      0      0      0      0
 133   -57.000      0      0      0      0      0      0      0      0      0      0      0      0
 134   -56.750      0      0      0      0      0      0      0      0      0      0      0      0
 135   -56.500      0      0      0      0      0      0      0      0      0      0      0      0
 136   -56.250      0      0      0      0      0      0      0      0      0      0      0      0
 137   -56.000      0      0      0      0      0      0      0      0      0      0      0      0
 138   -55.750      0      0      0      0      0      0      0      0      0      0      0      0
 139   -55.500      0      0      0      0      0      0      0      0      0      0      0      0
 140   -55.250      0      0      0      0      0      0      0      0      0      0      0      0
 141   -55.000      0      0      0      0      0      0      0      0      0      0      0      0
 142   -54.750      0      0      0      0      0      0      0      0      0      0      0      0
 143   -54.500      0      0      0      0      0      0      0      0      1      5      7      7
 144   -54.250      0      0      0      0      0      0      0      0      0      0      0      0
 145   -54.000      0      0      0      0      0      0      0      0      0      0      0      0
 146   -53.750      0      0      0      0      0      0      0      0      0      0      0      0
 147   -53.500      0      0      0      0      0      0      0      0      0      0      0      0
 148   -53.250      0      0      0      0      0      0      0      0      0      0      0      0
 149   -53.000      0      0      0      0      0      0      0      0      0      2      2      3
 150   -52.750      0      0      0      0      0      0      0      0      0      0      0      0
 151   -52.500      0      0      0      0      0      0      0      0      0      0      0      0
 152   -52.250      0      0      0      0      0      0      0      0      0      0      0      0
 153   -52.000      0      0      0      0      0      0      0      0      0      0      0      0
 154   -51.750      0      0      0      0      0      0      0      0      2      3      3      3
 155   -51.500      0      0      0      0      0      0      0      0      0      0      0      0
 156   -51.250      0      0      0      0      0      0      0      0      0      0      0      0
 157   -51.000      0      0      0      0      0      0      0      0      0      0      0      0
 158   -50.750      0      0      0      0      0      0      0      0      0      0      0      0
 159   -50.500      0      0      0      0      0      0      0      0      0      0      0      0
 160   -50.250      0      0      0      0      0      0      0      0      0      0      0      0
 161   -50.000      0      0      0      0      0      0      0      0      0      0      0      0
 162   -49.750      0      0      0      0      0      0      0      0      0      0      0      0
 163   -49.500      0      0      0      0      0      0      0      0      0      0      0      0
 164   -49.250      0      0      0      0      0      0      0      0      0      0      0      0
 165   -49.000      0      0      0      0      0      0      0      0      0      0      0      0
 166   -48.750      0      0      0      0      0      0      0      0      0      0      0      0
 167   -48.500      0      0      0      0      0      0      0      0      0      0      0      0
 168   -48.250      0      0      0      0      0      0      0      0      0      0      0      0
 169   -48.000      0      0      0      0      0      0      0      0      0      0      0      0
 170   -47.750      0      0      0      0      0      0      0      0      0      0      0      0
 171   -47.500      0      0      0      0      0      0      0      0      0      0      0      0
 172   -47.250      0      0      0      0      0      0      0      0      0      0      0      0
 173   -47.000      0      0      0      0      0      0      0      0      0      0      0      0
 174   -46.750      0      0      0      0      0      0      0      0      0      0      0      0
 175   -46.500      0      0      0      0      0      0      0      0      1      3      7      6
 176   -46.250      0      0      0      0      0      0      0      0      1      2      0      0
 177   -46.000      0      0      0      0      0      0      0      0      0      0      0      0
 178   -45.750      0      0      0      0      0      0      0      0      0      0      0      0
 179   -45.500      0      0      0      0      0      0      0      0      0      0      0      0
 180   -45.250      0      0      0      0      0      0      0      0      0      0      0      0
 181   -45.000      0      0      0      0      0      0      0      0      0      0      0      0
 182   -44.750      0      0      0      0      0      0      0      0      0      0      0      0
 183   -44.500      0      0      0      0      0      0      0      0      0      0      0      0
 184   -44.250      0      0      0      0      0      0      0      0      0      0      0      0
 185   -44.000      0      0      0      0      0      0      0      0      0      0      0      0
 186   -43.750      0      0      0      0      0      0      0      0      0      0      0      0
 187   -43.500      0      0      0      0      0      0      0      0      0      0      0      0
 188   -43.250      0      0      0      0      0      0      0      0      0      0      0      0
 189   -43.000      0      0      0      0      0      0      0      0      0      0      0      0
 190   -42.750      0      0      0      0      0      0      0      0      1      6      6      8
 191   -42.500      0      0      0      0      0      0      0      0      0      0      0      0
 192   -42.250      0      0      0      0      0      0      0      0      0      0      0      0
 193   -42.000      0      0      0      0      0      0      0      0      0      0      0      0
 194   -41.750      0      0      0      0      0      0      0      0      0      0      0      0
 195   -41.500      0      0      0      0      0      0      0      0      0      2      3      3
 196   -41.250      0      0      0      0      0      0      0      0      0      0      0      0
 197   -41.000      0      0      0      0      0      0      0      0      0      3      4      7
 198   -40.750      0      0      0      0      0      0      0      0      0      3      1      0
 199   -40.500      0      0      0      0      0      0      0      0      0      0      0      0
 200   -40.250      0      0      0      0      0      0      0      0      0      0      0      0
 201   -40.000      0      0      0      0      0      0      0      0      0      0      0      0
 202   -39.750      0      0      0      0      0      0      0      0      0      0      0      0
 203   -39.500      0      0      0      0      0      0      0      0      0      0      0      0
 204   -39.250      0      0      0      0      0      0      0      0      0      0      0      0
 205   -39.000      0      0      0      0      0      0      0      0      0      0      0      0
 206   -38.750      0      0      0      0      0      0      0      0      0      0      0      0
 207   -38.500      0      0      0      0      0      0      0      0      0      0      0      0
 208   -38.250      0      0      0      0      0      0      0      0      0      0      0      0
 209   -38.000      0      0      0      0      0      0      0      0      0      0      0      0
 210   -37.750      0      0      0      0      0      0      0      0      0      4      6      9
 211   -37.500      0      0      0      0      0      0      0      0      0      1      0      0
 212   -37.250      0      0      0      0      0      0      0      0      0      0      0      0
 213   -37.000      0      0      0      0      0      0      0      0      0      0      0      0
 214   -36.750      0      0      0      0      0      0      0      0      1      4      7      7
 215   -36.500      0      0      0      0      0      0      0      0      0      0      0      0
 216   -36.250      0      0      0      0      0      0      0      0      0      0      0      0
 217   -36.000      0      0      0      0      0      0      0      0      0      0      0      0
 218   -35.750      0      0      0      0      0      0      0      0      0      0      0      0
 219   -35.500      0      0      0      0      0      0      0      0      0      0      0      0
 220   -35.250      0      0      0      0      0      0      0      0      0      1      1      2
 221   -35.000      0      0      0      0      0      0      0      0      2      6      8      8
 222   -34.750      0      0      0      0      0      0      0      0      0      2      2      3
 223   -34.500      0      0      0      0      0      0      0      0      0      0      0      0
 224   -34.250      0      0      0      0      0      0      0      0      0      0      0      0
 225   -34.000      0      0      0      0      0      0      0      0      3      9     10     14
 226   -33.750      0      0      0      0      0      0      0      0      1      5      5      7
 227   -33.500      0      0      0      0      0      0      0      0      0      0      0      0
 228   -33.250      0      0      0      0      0      0      0      0      0      0      0      0
 229   -33.000      0      0      0      0      0      0      0      0      0      0      0      0
 230   -32.750      0      0      0      0      0      0      0      0      0      2      2      4
 231   -32.500      0      0      0      0      0      0      0      0      0      0      0      0
 232   -32.250      0      0      0      0      0      0      0      0      0      0      0      0
 233   -32.000      0      0      0      0      0      0      0      0      0      4      5      7
 234   -31.750      0      0      0      0      0      0      0      0      0      0      0      0
 235   -31.500      0      0      0      0      0      0      0      0      0      3      2      3
 236   -31.250      0      0      0      0      0      0      0      0      0      1      3      3
 237   -31.000      0      0      0      0      0      0      0      0      0      0      0      0
 238   -30.750      0      0      0      0      0      0      0      0      0      4      5      3
 239   -30.500      0      0      0      0      0      0      0      0      0      0      0      0
 240   -30.250      0      0      0      0      0      0      0      0      0      0      0      0
 241   -30.000      0      0      0      0      0      0      0      0      0      0      0      1
 242   -29.750      0      0      0      0      0      0      0      0      0      4      6      8
 243   -29.500      0      0      0      0      0      0      0      0      0      0      0      0
 244   -29.250      0      0      0      0      0      0      0      0      0      0      0      0
 245   -29.000      0      0      0      0      0      0      0      0      0      4      7      3
 246   -28.750      0      0      0      0      0      0      0      0      0      1      3      2
 247   -28.500      0      0      0      0      0      0      0      0      0      0      0      0
 248   -28.250      0      0      0      0      0      0      0      0      0      0      0      0
 249   -28.000      0      0      0      0      0      0      0      0      0      0      0      0
 250   -27.750      0      0      0      0      0      0      0      0      0      0      0      1
 251   -27.500      0      0      0      0      0      0      0      0      0      4      6      8
 252   -27.250      0      0      0      0      0      0      0      0      0      0      0      0
 253   -27.000      0      0      0      0      0      0      0      0      0      0      0      0
 254   -26.750      0      0      0      0      0      0      0      0      0      1      1      0
 255   -26.500      0      0      0      0      0      0      0      0      1      4      4      4
 256   -26.250      0      0      0      0      0      0      0      0      0      0      0      0
 257   -26.000      0      0      0      0      0      0      0      0      0      1      4      0
 258   -25.750      0      0      0      0      0      0      0      0      0      3      1      0
 259   -25.500      0      0      0      0      0      0      0      0      1      8     12     11
 260   -25.250      0      0      0      0      0      0      0      0      0      2      3      4
 261   -25.000      0      0      0      0      0      0      0      0      0      0      0      0
 262   -24.750      0      0      0      0      0      0      0      0      0      0      0      0
 263   -24.500      0      0      0      0      0      0      0      0      0      0      0      0
 264   -24.250      0      0      0      0      0      0      0      0      0      0      0      0
 265   -24.000      0      0      0      0      0      0      0      0      0      0      0      0
 266   -23.750      0      0      0      0      0      0      0      0      0      0      0      0
 267   -23.500      0      0      0      0      0      0      0      0      1      5      6      9
 268   -23.250      0      0      0      0      0      0      0      0      1      8      7      8
 269   -23.000      0      0      0      0      0      0      0      0      0      0      0      0
 270   -22.750      0      0      0      0      0      0      0      0      0      3      2      4
 271   -22.500      0      0      0      0      0      0      0      0      0      1      1      0
 272   -22.250      0      0      0      0      0      0      0      0      1      6      6      7
 273   -22.000      0      0      0      0      0      0      0      0      0      0      0      0
 274   -21.750      0      0      0      0      0      0      0      0      0      0      0      0
 275   -21.500      0      0      0      0      0      0      0      0      0      0      0      0
 276   -21.250      0      0      0      0      0      0      0      0      0      0      0      0
 277   -21.000      0      0      0      0      0      0      0      0      0      0      0      0
 278   -20.750      0      0      0      0      0      0      0      0      0      0      1      1
 279   -20.500      0      0      0      0      0      0      0      0      1      5      2      3
 280   -20.250      0      0      0      0      0      0      0      0      0      0      0      2
 281   -20.000      0      0      0      0      0      0      0      0      0      0      0      0
 282   -19.750      0      0      0      0      0      0      0      0      0      1      3      2
 283   -19.500      0      0      0      0      0      0      0      0      0      0      0      0
 284   -19.250      0      0      0      0      0      0      0      0      0      0      0      0
 285   -19.000      0      0      0      0      0      0      0      0      0      7      5      7
 286   -18.750      0      0      0      0      0      0      0      0      0      0      0      0
 287   -18.500      0      0      0      0      0      0      0      0      0      0      0      0
 288   -18.250      0      0      0      0      0      0      0      0      0      0      0      0
 289   -18.000      0      0      0      0      0      0      0      0      0      3      3      4
 290   -17.750      0      0      0      0      0      0      0      0      3      7      7      7
 291   -17.500      0      0      0      0      0      0      0      0      0      0      0      0
 292   -17.250      0      0      0      0      0      0      0      0      0      0      0      0
 293   -17.000      0      0      0      0      0      0      0      0      0      0      0      0
 294   -16.750      0      0      0      0      0      0      0      0      0      0      0      0
 295   -16.500      0      0      0      0      0      0      0      0      0      0      0      0
 296   -16.250      0      0      0      0      0      0      0      0      1      7      8      6
 297   -16.000      0      0      0      0      0      0      0      0      0      5      5      3
 298   -15.750      0      0      0      0      0      0      0      0      0      7      5      6
 299   -15.500      0      0      0      0      0      0      0      0      0      0      0      0
 300   -15.250      0      0      0      0      0      0      0      0      0      0      0      0
 301   -15.000      0      0      0      0      0      0      0      0      0      0      0      0
 302   -14.750      0      0      0      0      0      0      0      0      0      0      0      0
 303   -14.500      0      0      0      0      0      0      0      0      0      0      0      0
 304   -14.250      0      0      0      0      0      0      0      0      2      5      6      8
 305   -14.000      0      0      0      0      0      0      0      0      0      0      0      0
 306   -13.750      0      0      0      0      0      0      0      0      0      0      0      0
 307   -13.500      0      0      0      0      0      0      0      0      0      0      0      0
 308   -13.250      0      0      0      0      0      0      0      0      0      0      0      0
 309   -13.000      0      0      0      0      0      0      0      0      0      0      0      0
 310   -12.750      0      0      0      0      0      0      0      0      1      6      2      5
 311   -12.500      0      0      0      0      0      0      0      0      2      9      7      7
 312   -12.250      0      0      0      0      0      0      0      0      1      4      4      5
 313   -12.000      0      0      0      0      0      0      0      0      0      0      0      0
 314   -11.750      0      0      0      0      0      0      0      0      0      0      0      0
 315   -11.500      0      0      0      0      0      0      0      0      0      0      0      0
 316   -11.250      0      0      0      0      0      0      0      0      0      0      0      0
 317   -11.000      0      0      0      0      0      0      0      0      0      0      0      0
 318   -10.750      0      0      0      0      0      0      0      0      0      0      0      0
 319   -10.500      0      0      0      0      0      0      0      0      0      0      0      0
 320   -10.250      0      0      0      0      0      0      0      0      1      4      2      4
 321   -10.000      0      0      0      0      0      0      0      0      0      4      1      0
 322    -9.750      0      0      0      0      0      0      0      0      0      6      5      9
 323    -9.500      0      0      0      0      0      0      0      0      0      0      0      1
 324    -9.250      0      0      0      0      0      0      0      0      0      2      3      1
 325    -9.000      0      0      0      0      0      0      0      0      0      0      0      0
 326    -8.750      0      0      0      0      0      0      0      0      0      4      2      3
 327    -8.500      0      0      0      0      0      0      0      0      2      5      5      7
 328    -8.250      0      0      0      0      0      0      0      0      0      0      0      0
 329    -8.000      0      0      0      0      0      0      0      0      0      3      2      3
 330    -7.750      0      0      0      0      0      0      0      0      0      3      3      3
 331    -7.500      0      0      0      0      0      0      0      0      2      4      2      3
 332    -7.250      0      0      0      0      0      0      0      0      0      3      3      4
 333    -7.000      0      0      0      0      0      0      0      0      0      0      0      0
 334    -6.750      0      0      0      0      0      0      0      0      0      0      0      0
 335    -6.500      0      0      0      0      0      0      0      0      0      0      0      0
 336    -6.250      0      0      0      0      0      0      0      0      0      0      0      0
 337    -6.000      0      0      0      0      0      0      0      0      2      7      7     12
 338    -5.750      0      0      0      0      0      0      0      0      1      4      2      4
 339    -5.500      0      0      0      0      0      0      0      0      0      0      0      0
 340    -5.250      0      0      0      0      0      0      0      0      0      0      0      0
 341    -5.000      0      0      0      0      0      0      0      0      1      7      6      8
 342    -4.750      0      0      0      0      0      0      0      0      1      8      6      8
 343    -4.500      0      0      0      0      0      0      0      0      0      4      2      3
 344    -4.250      0      0      0      0      0      0      0      0      0      3      2      4
 345    -4.000      0      0      0      0      0      0      0      0      0      0      0      0
 346    -3.750      0      0      0      0      0      0      0      1      3     10      9     13
 347    -3.500      0      0      0      0      0      0      0      0      0      1      2      4
 348    -3.250      0      0      0      0      0      0      0      0      1      6      5      7
 349    -3.000      0      0      0      0      0      0      0      0      0      0      0      0
 350    -2.750      0      0      0      0      0      0      0      0      0      3      2      3
 351    -2.500      0      0      0      0      0      0      0      0      1      6      4      9
 352    -2.250      0      0      0      0      0      0      0      0      0      2      2      4
 353    -2.000      0      0      0      0      0      0      0      0      0      0      0      0
 354    -1.750      0      0      0      0      0      0      0      0      0      0      0      0
 355    -1.500      0      0      0      0      0      0      0      0      0      0      1      5
 356    -1.250      0      0      0      0      0      0      0      0      3     10      7      9
 357    -1.000      0      0      0      0      0      0      0      0      0      3      2      3
 358    -0.750      0      0      0      0      0      0      0      0      1      1      1      3
 359    -0.500      0      0      0      0      0      0      0      0      0      0      0      0
 360    -0.250      0      0      0      0      0      0      0      0      0      1      2      4
 361     0.000      0      0      0      0      0      0      0      0      1      4      2      4
 362     0.250      0      0      0      0      0      0      0      0      0      0      0      0
 363     0.500      0      0      0      0      0      0      0      0      0      0      0      0
 364     0.750      0      0      0      0      0      0      0      0      0      0      0      0
 365     1.000      0      0      0      0      0      0      0      0      0      0      0      0
 366     1.250      0      0      0      0      0      0      0      0      1      6      6     10
 367     1.500      0      0      0      0      0      0      0      0      0      3      4      6
 368     1.750      0      0      0      0      0      0      0      0      0      0      0      0
 369     2.000      0      0      0      0      0      0      0      0      0      0      0      0
 370     2.250      0      0      0      0      0      0      0      0      0      0      0      0
 371     2.500      0      0      0      0      0      0      0      0      1      3      2      3
 372     2.750      0      0      0      0      0      0      0      0      1      5      8     11
 373     3.000      0      0      0      0      0      0      0      0      0      3      1      2
 374     3.250      0      0      0      0      0      0      0      0      1      6      7     11
 375     3.500      0      0      0      0      0      0      0      0      0      2      2      3
 376     3.750      0      0      0      0      0      0      0      0      1      4      4      6
 377     4.000      0      0      0      0      0      0      0      0      1      8      7     11
 378     4.250      0      0      0      0      0      0      0      0      0      4      4      8
 379     4.500      0      0      0      0      0      0      0      0      0      0      0      0
 380     4.750      0      0      0      0      0      0      0      0      0      2      1      0
 381     5.000      0      0      0      0      0      0      0      0      0      0      0      0
 382     5.250      0      0      0      0      0      0      0      1      3      5      4      7
 383     5.500      0      0      0      0      0      0      0      0      0      3      1      3
 384     5.750      0      0      0      0      0      0      0      0      0      0      0      0
 385     6.000      0      0      0      0      0      0      0      0      0      4      3      5
 386     6.250      0      0      0      0      0      0      0      0      0      5      4      7
 387     6.500      0      0      0      0      0      0      0      0      0      0      0      0
 388     6.750      0      0      0      0      0      0      0      0      0      0      0      0
 389     7.000      0      0      0      0      0      0      0      1      5     15      9     22
 390     7.250      0      0      0      0      0      0      0      1      2      8      7     13
 391     7.500      0      0      0      0      0      0      0      0      2      6      4     10
 392     7.750      0      0      0      0      0      0      0      0      0      0      0      0
 393     8.000      0      0      0      0      0      0      0      0      0      2      2      4
 394     8.250      0      0      0      0      0      0      0      0      0      0      0      0
 395     8.500      0      0      0      0      0      0      0      0      0      0      0      0
 396     8.750      0      0      0      0      0      0      0      0      1      3      1      4
 397     9.000      0      0      0      0      0      0      0      0      0      0      0      0
 398     9.250      0      0      0      0      0      0      0      0      0      0      0      0
 399     9.500      0      0      0      0      0      0      0      1      1      6      4      9
 400     9.750      0      0      0      0      0      0      0      0      0      1      2      4
 401    10.000      0      0      0      0      0      0      0      0      0      0      0      0
 402    10.250      0      0      0      0      0      0      0      0      0      4      3      6
 403    10.500      0      0      0      0      0      0      0      0      0      6      6      8
 404    10.750      0      0      0      0      0      0      0      1      1      5      5      7
 405    11.000      0      0      0      0      0      0      0      0      0      2      2      4
 406    11.250      0      0      0      0      0      0      0      0      0      0      0      0
 407    11.500      0      0      0      0      0      0      0      0      0      0      0      0
 408    11.750      0      0      0      0      0      0      0      0      0      0      0      0
 409    12.000      0      0      0      0      0      0      0      0      1      4      2      1
 410    12.250      0      0      0      0      0      0      0      0      0      0      0      0
 411    12.500      0      0      0      0      0      0      0      0      0      0      0      0
 412    12.750      0      0      0      0      0      0      0      0      0      0      0      0
 413    13.000      0      0      0      0      0      0      0      0      1      8      6      7
 414    13.250      0      0      0      0      0      0      0      0      0      0      0      0
 415    13.500      0      0      0      0      0      0      0      1      4      6      5     10
 416    13.750      0      0      0      0      0      0      0      0      0      0      0      0
 417    14.000      0      0      0      0      0      0      0      0      0      0      0      0
 418    14.250      0      0      0      0      0      0      0      0      0      0      0      0
 419    14.500      0      0      0      0      0      0      0      0      0      0      2      3
 420    14.750      0      0      0      0      0      0      0      0      0      0      0      0
 421    15.000      0      0      0      0      0      0      0      0      0      1      1      2
 422    15.250      0      0      0      0      0      0      0      0      0      3      1      2
 423    15.500      0      0      0      0      0      0      0      0      0      0      0      0
 424    15.750      0      0      0      0      0      0      0      0      0      0      0      0
 425    16.000      0      0      0      0      0      0      0      0      1      4      5      8
 426    16.250      0      0      0      0      0      0      0      0      0      0      0      0
 427    16.500      0      0      0      0      0      0      0      0      1      3      3      1
 428    16.750      0      0      0      0      0      0      0      1      1      5      7     19
 429    17.000      0      0      0      0      0      0      0      0      2      5      7      7
 430    17.250      0      0      0      0      0      0      0      0      0      0      0      0
 431    17.500      0      0      0      0      0      0      0      0      1      6      5      8
 432    17.750      0      0      0      0      0      0      0      0      0      3      2      3
 433    18.000      0      0      0      0      0      0      0      0      0      6      5      7
 434    18.250      0      0      0      0      0      0      0      1      3      7      5      3
 435    18.500      0      0      0      0      0      0      0      1      7      9      9     12
 436    18.750      0      0      0      0      0      0      0      0      0      7      5      6
 437    19.000      0      0      0      0      0      0      0      0      0      2      2      3
 438    19.250      0      0      0      0      0      0      0      0      1      6      4      8
 439    19.500      0      0      0      0      0      0      0      0      4      6      3      0
 440    19.750      0      0      0      0      0      0      0      0      4      7      8      8
 441    20.000      0      0      0      0      0      0      0      0      1      6      7     10
 442    20.250      0      0      0      0      0      0      0      0      1      4      2      4
 443    20.500      0      0      0      0      0      0      0      0      0      0      0      0
 444    20.750      0      0      0      0      0      0      0      0      1      2      3      0
 445    21.000      0      0      0      0      0      0      0      1      4     13      9     15
 446    21.250      0      0      0      0      0      0      0      0      0      0      0      0
 447    21.500      0      0      0      0      0      0      0      0      1      3      2      2
 448    21.750      0      0      0      0      0      0      0      0      2      7      4      7
 449    22.000      0      0      0      0      0      0      0      0      1      3      7      8
 450    22.250      0      0      0      0      0      0      0      0      1      5      6      9
 451    22.500      0      0      0      0      0      0      0      0      1      2      1      0
 452    22.750      0      0      0      0      0      0      0      1      5     17     16     14
 453    23.000      0      0      0      0      0      0      0      0      0      0      3      0
 454    23.250      0      0      0      0      0      0      0      0      1      5      6     15
 455    23.500      0      0      0      0      0      0      0      3      7     20     22     20
 456    23.750      0      0      0      0      0      0      0      1      2     12     12     20
 457    24.000      0      0      0      0      0      0      0      0      1      6      7     10
 458    24.250      0      0      0      0      0      0      0      0      3     11     13     21
 459    24.500      0      0      0      0      0      0      0      2      7     29     18     29
 460    24.750      0      0      0      0      0      0      0      0      0      1      1      1
 461    25.000      0      0      0      0      0      0      0      2      6     31     25     20
 462    25.250      0      0      0      0      0      0      0      0      0      2      5      9
 463    25.500      0      0      0      0      0      0      0      0      1      4      0      0
 464    25.750      0      0      0      0      0      0      0      1      3     13     15     32
 465    26.000      0      0      0      0      0      0      0      3      5     24     23     30
 466    26.250      0      0      0      0      0      0      0      0      1      3      0      0
 467    26.500      0      0      0      0      0      0      0      0      1     17     16      9
 468    26.750      0      0      0      0      0      0      0      0      2      6      7      2
 469    27.000      0      0      0      0      0      0      0      1      1      5      5     10
 470    27.250      0      0      0      0      0      0      0      0      0      3      5      7
 471    27.500      0      0      0      0      0      0      0      1      3     13      9     12
 472    27.750      0      0      0      0      0      0      0      2      7     17     12     16
 473    28.000      0      0      0      0      0      0      0      0      5     12     14     10
 474    28.250      0      0      0      0      0      0      0      0      0     15     15     14
 475    28.500      0      0      0      0      0      0      0      2      7     22     19     35
 476    28.750      0      0      0      0      0      0      0      2      6     13     10     10
 477    29.000      0      0      0      0      0      0      0      0      0      4      4      9
 478    29.250      0      0      0      0      0      0      0      0      0      0      0      2
 479    29.500      0      0      0      0      0      0      0      1      6     17     18     11
 480    29.750      0      0      0      0      0      0      0      3      6      7      1      0
 481    30.000      0      0      0      0      0      0      0      0      1      2      0      0
 482    30.250      0      0      0      0      0      0      0      3      8     21     22     33
 483    30.500      0      0      0      0      0      0      0      3      9     23     23     37
 484    30.750      0      0      0      0      0      0      0      2      4     19     22     22
 485    31.000      0      0      0      0      0      0      0      0      0      0      0      0
 486    31.250      0      0      0      0      0      0      0      1      4      8      3      2
 487    31.500      0      0      0      0      0      0      0      6      9     11      8     18
 488    31.750      0      0      0      0      0      0      0      1      2      8      7      8
 489    32.000      0      0      0      0      0      0      0      1      6     24     19     19
 490    32.250      0      0      0      0      0      0      0      1      5     15     12     17
 491    32.500      0      0      0      0      0      0      0      1      3     11     10      7
 492    32.750      0      0      0      0      0      0      0      2      5     20     18     28
 493    33.000      0      0      0      0      0      0      0      5     18     43     31     40
 494    33.250      0      0      0      0      0      0      0      1      7     22     19     19
 495    33.500      0      0      0      0      0      0      0      2      3     11     15     20
 496    33.750      0      0      0      0      0      0      0      1      5     13      7     14
 497    34.000      0      0      0      0      0      0      0      0      0      0      0      0
 498    34.250      0      0      0      0      0      0      0      1      2      9     10      9
 499    34.500      0      0      0      0      0      0      0      1      1     14     12      9
 500    34.750      0      0      0      0      0      0      0      3     14     31     36     45
 501    35.000      0      0      0      0      0      0      0      3      7     17     12      8
 502    35.250      0      0      0      0      0      0      0      2     12     27     22     18
 503    35.500      0      0      0      0      0      0      0      1      6     13     14      7
 504    35.750      0      0      0      0      0      0      0      0      4     14     11      1
 505    36.000      0      0      0      0      0      0      0      3     11     34     28     36
 506    36.250      0      0      0      0      0      0      0      3     10     18      8      6
 507    36.500      0      0      0      0      0      0      0      3      8     18     12      7
 508    36.750      0      0      0      0      0      0      0      1      5     21     25     21
 509    37.000      0      0      0      0      0      0      0      1      4     12     17     13
 510    37.250      0      0      0      0      0      0      0      2      8     17     16     10
 511    37.500      0      0      0      0      0      0      0      0      3     12     11      9
 512    37.750      0      0      0      0      0      0      0      3      9     29     24     25
 513    38.000      0      0      0      0      0      0      0      1      7     34     30     41
 514    38.250      0      0      0      0      0      0      0      0      0      4      4      0
 515    38.500      0      0      0      0      0      0      0      2      4     11     10      7
 516    38.750      0      0      0      0      0      0      0      1      6     14     14      5
 517    39.000      0      0      0      0      0      0      0      2      8     24     24     29
 518    39.250      0      0      0      0      0      0      0      1      2      6      5      8
 519    39.500      0      0      0      0      0      0      0      2     11     27     24     12
 520    39.750      0      0      0      0      0      0      0      1      4     17     19      9
 521    40.000      0      0      0      0      0      0      0      1      4     15     14     13
 522    40.250      0      0      0      0      0      0      0      1      5     14     12      9
 523    40.500      0      0      0      0      0      0      0      1      5     19     14     13
 524    40.750      0      0      0      0      0      0      0      2     10     31     37     21
 525    41.000      0      0      0      0      0      0      0      1      5      9      9     10
 526    41.250      0      0      0      0      0      0      0      1      7     18     17     15
 527    41.500      0      0      0      0      0      0      0      1      4     11     14     13
 528    41.750      0      0      0      0      0      0      0      2     11     24     28     28
 529    42.000      0      0      0      0      0      0      0      0      3      7      9     11
 530    42.250      0      0      0      0      0      0      0      1      3     11     15      9
 531    42.500      0      0      0      0      0      0      0      0      1      1      2      4
 532    42.750      0      0      0      0      0      0      0      2     12     25     22     26
 533    43.000      0      0      0      0      0      0      0      3      8     30     33     34
 534    43.250      0      0      0      0      0      0      0      1      3     21     23     24
 535    43.500      0      0      0      0      0      0      0      2      6     23     20     17
 536    43.750      0      0      0      0      0      0      0      2      5     22     21     20
 537    44.000      0      0      0      0      0      0      0      4     13     42     45     46
 538    44.250      0      0      0      0      0      0      0      1      2      7      7      4
 539    44.500      0      0      0      0      0      0      0      2      8     24     17     16
 540    44.750      0      0      0      0      0      0      0      3      8     31     28     27
 541    45.000      0      0      0      0      0      0      0      1      6      9     13     13
 542    45.250      0      0      0      0      0      0      0      0      0      0      0      0
 543    45.500      0      0      0      0      0      0      0      1      6     18     17     20
 544    45.750      0      0      0      0      0      0      0      0      2      7      8      8
 545    46.000      0      0      0      0      0      0      0      2      4     17     19     27
 546    46.250      0      0      0      0      0      0      0      0      1     18     17     18
 547    46.500      0      0      0      0      0      0      0      0      0      0      2      3
 548    46.750      0      0      0      0      0      0      0      0      6     11      6      9
 549    47.000      0      0      0      0      0      0      0      1      4     14     14     16
 550    47.250      0      0      0      0      0      0      0      0      0      6      5      5
 551    47.500      0      0      0      0      0      0      0      1      5     18     16     17
 552    47.750      0      0      0      0      0      0      0      4     12     35     24     24
 553    48.000      0      0      0      0      0      0      0      0      3     11     16     11
 554    48.250      0      0      0      0      0      0      0      1      7     15     11      8
 555    48.500      0      0      0      0      0      0      0      2     10     21     25     27
 556    48.750      0      0      0      0      0      0      0      1      3     13     18     16
 557    49.000      0      0      0      0      0      0      0      0      3      9     11     13
 558    49.250      0      0      0      0      0      0      0      2      5     16     20     24
 559    49.500      0      0      0      0      0      0      0      0      5     23     17     13
 560    49.750      0      0      0      0      0      0      0      0      2      9     12      6
 561    50.000      0      0      0      0      0      0      0      1      4     14     13     13
 562    50.250      0      0      0      0      0      0      0      2      5     29     33     26
 563    50.500      0      0      0      0      0      0      0      1      5     16     19     17
 564    50.750      0      0      0      0      0      0      0      0      6     17     16     21
 565    51.000      0      0      0      0      0      0      0      1      5     16     20     15
 566    51.250      0      0      0      0      0      0      0      1      6     11     11     12
 567    51.500      0      0      0      0      0      0      0      0      3     14     19     17
 568    51.750      0      0      0      0      0      0      0      0      1     16     20     20
 569    52.000      0      0      0      0      0      0      0      0      1     13     13     12
 570    52.250      0      0      0      0      0      0      0      1      9     18     12     11
 571    52.500      0      0      0      0      0      0      0      1      5     19     16     12
 572    52.750      0      0      0      0      0      0      0      1      4     18     15     18
 573    53.000      0      0      0      0      0      0      0      1      6     13     19     22
 574    53.250      0      0      0      0      0      0      0      0      1     12     15     19
 575    53.500      0      0      0      0      0      0      0      1      3     16     15     13
 576    53.750      0      0      0      0      0      0      0      2      7     20     27     23
 577    54.000      0      0      0      0      0      0      0      0      4     18     21     19
 578    54.250      0      0      0      0      0      0      0      1      1      8      7     10
 579    54.500      0      0      0      0      0      0      0      1      6     13     13     14
 580    54.750      0      0      0      0      0      0      0      3     11     41     37     29
 581    55.000      0      0      0      0      0      0      0      2      7     17     20     25
 582    55.250      0      0      0      0      0      0      0      0      2     12     17     23
 583    55.500      0      0      0      0      0      0      0      0      0      6      6      6
 584    55.750      0      0      0      0      0      0      0      0      0      0      0      0
 585    56.000      0      0      0      0      0      0      0      0      0      0      0      0
 586    56.250      0      0      0      0      0      0      0      0      0     14     22     24
 587    56.500      0      0      0      0      0      0      0      0      0      8     11     15
 588    56.750      0      0      0      0      0      0      0      0      1      8      6      5
 589    57.000      0      0      0      0      0      0      0      0      0      5      5      3
 590    57.250      0      0      0      0      0      0      0      0      0      0      1      1
 591    57.500      0      0      0      0      0      0      0      0      0      1      0      0
 592    57.750      0      0      0      0      0      0      0      1      4     11     15     15
 593    58.000      0      0      0      0      0      0      0      1      3     17     18     16
 594    58.250      0      0      0      0      0      0      0      0      2     11     16     12
 595    58.500      0      0      0      0      0      0      0      0      3     13     25     28
 596    58.750      0      0      0      0      0      0      0      2     11     23     23     20
 597    59.000      0      0      0      0      0      0      0      0      0      0      0      0
 598    59.250      0      0      0      0      0      0      0      0      0      5      7      9
 599    59.500      0      0      0      0      0      0      0      2      4     23     28     30
 600    59.750      0      0      0      0      0      0      0      0      0      0      0      0
 601    60.000      0      0      0      0      0      0      0      1      3     11      8      7
 602    60.250      0      0      0      0      0      0      0      0      0      2      6      8
 603    60.500      0      0      0      0      0      0      0      0      0      0      1      5
 604    60.750      0      0      0      0      0      0      0      2      9     17     17     17
 605    61.000      0      0      0      0      0      0      0      0      0      2      5      6
 606    61.250      0      0      0      0      0      0      0      1      7     14     11     15
 607    61.500      0      0      0      0      0      0      0      0      0      6     12     10
 608    61.750      0      0      0      0      0      0      0      0      1     11     12     11
 609    62.000      0      0      0      0      0      0      0      0      6     10     11     14
 610    62.250      0      0      0      0      0      0      0      0      0      0      0      0
 611    62.500      0      0      0      0      0      0      0      0      0      6      8      5
 612    62.750      0      0      0      0      0      0      0      0      0      0      0      0
 613    63.000      0      0      0      0      0      0      0      1      4     10     11     12
 614    63.250      0      0      0      0      0      0      0      0      1      4      5      3
 615    63.500      0      0      0      0      0      0      0      0      0      0      0      0
 616    63.750      0      0      0      0      0      0      0      1      3      9     13     12
 617    64.000      0      0      0      0      0      0      0      0      1      5      7      9
 618    64.250      0      0      0      0      0      0      0      0      2      6      7     10
 619    64.500      0      0      0      0      0      0      0      1      4      6      6     13
 620    64.750      0      0      0      0      0      0      0      1      2     10     12      8
 621    65.000      0      0      0      0      0      0      0      0      1      7      7     10
 622    65.250      0      0      0      0      0      0      0      1      1     15     16     10
 623    65.500      0      0      0      0      0      0      0      0      0      5      5      8
 624    65.750      0      0      0      0      0      0      0      0      0      3      6      7
 625    66.000      0      0      0      0      0      0      0      0      0      0      0      0
 626    66.250      0      0      0      0      0      0      0      0      0      0      0      0
 627    66.500      0      0      0      0      0      0      0      0      0      1      5      7
 628    66.750      0      0      0      0      0      0      0      0      2      5      6      6
 629    67.000      0      0      0      0      0      0      0      0      2      5      7      9
 630    67.250      0      0      0      0      0      0      0      0      1      8      7     10
 631    67.500      0      0      0      0      0      0      0      0      2      7      7      5
 632    67.750      0      0      0      0      0      0      0      0      0      5      6     11
 633    68.000      0      0      0      0      0      0      0      0      1      4      5      3
 634    68.250      0      0      0      0      0      0      0      0      2      7      5      7
 635    68.500      0      0      0      0      0      0      0      0      0      0      0      0
 636    68.750      0      0      0      0      0      0      0      1      6     16     18     22
 637    69.000      0      0      0      0      0      0      0      1      3      6      7      6
 638    69.250      0      0      0      0      0      0      0      0      0      1      5      7
 639    69.500      0      0      0      0      0      0      0      0      0      0      0      0
 640    69.750      0      0      0      0      0      0      0      0      0      0      0      0
 641    70.000      0      0      0      0      0      0      0      0      0      0      0      0
 642    70.250      0      0      0      0      0      0      0      0      0      0      0      0
 643    70.500      0      0      0      0      0      0      0      1      1      6      6     13
 644    70.750      0      0      0      0      0      0      0      0      0      2      3      1
 645    71.000      0      0      0      0      0      0      0      0      0      0      0      0
 646    71.250      0      0      0      0      0      0      0      0      2      5      6      9
 647    71.500      0      0      0      0      0      0      0      0      0      1      1      0
 648    71.750      0      0      0      0      0      0      0      0      0      5      3      6
 649    72.000      0      0      0      0      0      0      0      0      0      0      0      0
 650    72.250      0      0      0      0      0      0      0      0      0      0      1      0
 651    72.500      0      0      0      0      0      0      0      0      7      9      5      7
 652    72.750      0      0      0      0      0      0      0      0      0      0      0      0
 653    73.000      0      0      0      0      0      0      0      0      0      0      0      0
 654    73.250      0      0      0      0      0      0      0      0      0      0      0      0
 655    73.500      0      0      0      0      0      0      0      0      0      0      1      1
 656    73.750      0      0      0      0      0      0      0      0      0      0      0      0
 657    74.000      0      0      0      0      0      0      0      0      0      0      0      0
 658    74.250      0      0      0      0      0      0      0      0      0      0      0      0
 659    74.500      0      0      0      0      0      0      0      0      3      6      6      7
 660    74.750      0      0      0      0      0      0      0      0      1      4      6      7
 661    75.000      0      0      0      0      0      0      0      0      0      0      0      0
 662    75.250      0      0      0      0      0      0      0      0      0      0      0      0
 663    75.500      0      0      0      0      0      0      0      0      0      0      0      0
 664    75.750      0      0      0      0      0      0      0      0      0      0      0      0
 665    76.000      0      0      0      0      0      0      0      0      1      5      6      9
 666    76.250      0      0      0      0      0      0      0      0      0      0      0      0
 667    76.500      0      0      0      0      0      0      0      0      0      0      0      0
 668    76.750      0      0      0      0      0      0      0      0      3      8      4      7
 669    77.000      0      0      0      0      0      0      0      0      0      0      0      0
 670    77.250      0      0      0      0      0      0      0      0      0      0      0      0
 671    77.500      0      0      0      0      0      0      0      0      0      0      0      0
 672    77.750      0      0      0      0      0      0      0      0      0      3      6      7
 673    78.000      0      0      0      0      0      0      0      0      0      0      0      0
 674    78.250      0      0      0      0      0      0      0      0      0      0      0      0
 675    78.500      0      0      0      0      0      0      0      0      0      0      0      0
 676    78.750      0      0      0      0      0      0      0      0      0      0      0      0
 677    79.000      0      0      0      0      0      0      0      0      1      2      1      2
 678    79.250      0      0      0      0      0      0      0      0      0      0      0      0
 679    79.500      0      0      0      0      0      0      0      0      0      0      0      0
 680    79.750      0      0      0      0      0      0      0      0      0      0      0      0
 681    80.000      0      0      0      0      0      0      0      0      1      6      5      5
 682    80.250      0      0      0      0      0      0      0      0      0      0      0      0
 683    80.500      0      0      0      0      0      0      0      0      0      2      3      7
 684    80.750      0      0      0      0      0      0      0      0      0      1      1      1
 685    81.000      0      0      0      0      0      0      0      0      0      0      0      0
 686    81.250      0      0      0      0      0      0      0      0      0      0      0      0
 687    81.500      0      0      0      0      0      0      0      0      0      0      0      0
 688    81.750      0      0      0      0      0      0      0      0      0      0      0      0
 689    82.000      0      0      0      0      0      0      0      0      3      6      6      9
 690    82.250      0      0      0      0      0      0      0      0      0      0      0      0
 691    82.500      0      0      0      0      0      0      0      1      4      5      7      8
 692    82.750      0      0      0      0      0      0      0      0      0      0      0      0
 693    83.000      0      0      0      0      0      0      0      0      0      0      0      0
 694    83.250      0      0      0      0      0      0      0      0      0      0      0      0
 695    83.500      0      0      0      0      0      0      0      0      0      0      0      0
 696    83.750      0      0      0      0      0      0      0      0      0      0      0      0
 697    84.000      0      0      0      0      0      0      0      0      0      0      0      0
 698    84.250      0      0      0      0      0      0      0      0      0      0      0      0
 699    84.500      0      0      0      0      0      0      0      0      0      0      0      0
 700    84.750      0      0      0      0      0      0      0      0      0      0      0      0
 701    85.000      0      0      0      0      0      0      0      0      0      0      0      0
 702    85.250      0      0      0      0      0      0      0      0      0      0      0      0
 703    85.500      0      0      0      0      0      0      0      0      0      0      0      0
 704    85.750      0      0      0      0      0      0      0      0      0      0      0      0
 705    86.000      0      0      0      0      0      0      0      0      0      0      0      0
 706    86.250      0      0      0      0      0      0      0      0      0      0      0      0
 707    86.500      0      0      0      0      0      0      0      0      0      0      0      0
 708    86.750      0      0      0      0      0      0      0      0      0      0      0      0
 709    87.000      0      0      0      0      0      0      0      0      0      0      0      0
 710    87.250      0      0      0      0      0      0      0      0      0      0      0      0
 711    87.500      0      0      0      0      0      0      0      0      0      0      0      0
 712    87.750      0      0      0      0      0      0      0      0      0      0      0      0
 713    88.000      0      0      0      0      0      0      0      0      0      0      0      0
 714    88.250      0      0      0      0      0      0      0      0      0      0      0      0
 715    88.500      0      0      0      0      0      0      0      0      0      0      0      0
 716    88.750      0      0      0      0      0      0      0      0      0      0      0      0
 717    89.000      0      0      0      0      0      0      0      0      0      0      0      0
 718    89.250      0      0      0      0      0      0      0      0      0      0      0      0
 719    89.500      0      0      0      0      0      0      0      0      0      0      0      0
 720    89.750      0      0      0      0      0      0      0      0      0      0      0      0
 721    90.000      0      0      0      0      0      0      0      0      0      0      0      0
 
last data file /discover/nobackup/projects/gmao/nwposse/develop/osse529/obs/Y2006/M06/D27/H12/osse529.diag_conv.20060627_12z.ods
sum of counts =    11285
