Channel Counts and Statistics
Data from  10 times
Last date and time:     20060627      120000
Last file of data: /discover/nobackup/projects/gmao/nwposse/develop/osse529/obs/Y2006/M06/D27/H12/osse529.diag_conv.20060627_12z.ods
Number of channels:  12
LatN, LatS:     90.0   -90.0
LonW, LonE:      0.0   360.0
Surface type: BOTH
 
Table 1: in, plevs, index_used, avg counts, means(omf,oma,amf), stdvs(omf,oma,amf), r=stdv(oma)/stdv(omf)
    1        0.00    0       0    0.000000    0.000000    0.000000    0.000000    0.000000    0.000000    0.000000
    2        0.00    0       0    0.000000    0.000000    0.000000    0.000000    0.000000    0.000000    0.000000
    3        0.00    0       0    0.000000    0.000000    0.000000    0.000000    0.000000    0.000000    0.000000
    4        0.00    0       0    0.000000    0.000000    0.000000    0.000000    0.000000    0.000000    0.000000
    5        0.00    1    1298   -0.235598   -0.165195    0.070403    2.623018    2.440309    0.423793    0.930344
    6       71.43    2    1949   -0.430423   -0.213862    0.216562    3.173228    2.496663    1.240860    0.786790
    7      214.29    3    2215    0.019302   -0.015179   -0.034481    3.388015    2.376478    1.766194    0.701437
    8      357.14    4    1389    0.043410    0.031599   -0.011811    3.121540    2.133372    1.641385    0.683436
    9      500.00    5    1264   -0.069925   -0.012223    0.057703    2.681894    1.755669    1.521284    0.654638
   10      642.86    6    2463   -0.050673   -0.035762    0.014911    2.612254    1.538155    1.609839    0.588823
   11      785.71    7    2529    0.112889   -0.000267   -0.113156    2.530489    1.481351    1.562786    0.585401
   12      928.57    8    2093    0.220162    0.045933   -0.174229    2.589826    1.605847    1.477642    0.620060
 
Table 2: Average number of obs in lat range per synop period
 
      channel=      1      2      3      4      5      6      7      8      9     10     11     12
 
   1   -90.000      0      0      0      0      0      0      0      0      0      0      0      0
   2   -89.750      0      0      0      0      0      0      0      0      0      0      0      0
   3   -89.500      0      0      0      0      0      0      0      0      0      0      0      0
   4   -89.250      0      0      0      0      0      0      0      0      0      0      0      0
   5   -89.000      0      0      0      0      0      0      0      0      0      0      0      0
   6   -88.750      0      0      0      0      0      0      0      0      0      0      0      0
   7   -88.500      0      0      0      0      0      0      0      0      0      0      0      0
   8   -88.250      0      0      0      0      0      0      0      0      0      0      0      0
   9   -88.000      0      0      0      0      0      0      0      0      0      0      0      0
  10   -87.750      0      0      0      0      0      0      0      0      0      0      0      0
  11   -87.500      0      0      0      0      0      0      0      0      0      0      0      0
  12   -87.250      0      0      0      0      0      0      0      0      0      0      0      0
  13   -87.000      0      0      0      0      0      0      0      0      0      0      0      0
  14   -86.750      0      0      0      0      0      0      0      0      0      0      0      0
  15   -86.500      0      0      0      0      0      0      0      0      0      0      0      0
  16   -86.250      0      0      0      0      0      0      0      0      0      0      0      0
  17   -86.000      0      0      0      0      0      0      0      0      0      0      0      0
  18   -85.750      0      0      0      0      0      0      0      0      0      0      0      0
  19   -85.500      0      0      0      0      0      0      0      0      0      0      0      0
  20   -85.250      0      0      0      0      0      0      0      0      0      0      0      0
  21   -85.000      0      0      0      0      0      0      0      0      0      0      0      0
  22   -84.750      0      0      0      0      0      0      0      0      0      0      0      0
  23   -84.500      0      0      0      0      0      0      0      0      0      0      0      0
  24   -84.250      0      0      0      0      0      0      0      0      0      0      0      0
  25   -84.000      0      0      0      0      0      0      0      0      0      0      0      0
  26   -83.750      0      0      0      0      0      0      0      0      0      0      0      0
  27   -83.500      0      0      0      0      0      0      0      0      0      0      0      0
  28   -83.250      0      0      0      0      0      0      0      0      0      0      0      0
  29   -83.000      0      0      0      0      0      0      0      0      0      0      0      0
  30   -82.750      0      0      0      0      0      0      0      0      0      0      0      0
  31   -82.500      0      0      0      0      0      0      0      0      0      0      0      0
  32   -82.250      0      0      0      0      0      0      0      0      0      0      0      0
  33   -82.000      0      0      0      0      0      0      0      0      0      0      0      0
  34   -81.750      0      0      0      0      0      0      0      0      0      0      0      0
  35   -81.500      0      0      0      0      0      0      0      0      0      0      0      0
  36   -81.250      0      0      0      0      0      0      0      0      0      0      0      0
  37   -81.000      0      0      0      0      0      0      0      0      0      0      0      0
  38   -80.750      0      0      0      0      0      0      0      0      0      0      0      0
  39   -80.500      0      0      0      0      0      0      0      0      0      0      0      0
  40   -80.250      0      0      0      0      0      0      0      0      0      0      0      0
  41   -80.000      0      0      0      0      0      0      0      0      0      0      0      0
  42   -79.750      0      0      0      0      0      0      0      0      0      0      0      0
  43   -79.500      0      0      0      0      0      0      0      0      0      0      0      0
  44   -79.250      0      0      0      0      0      0      0      0      0      0      0      0
  45   -79.000      0      0      0      0      0      0      0      0      0      0      0      0
  46   -78.750      0      0      0      0      0      0      0      0      0      0      0      0
  47   -78.500      0      0      0      0      0      0      0      0      0      0      0      0
  48   -78.250      0      0      0      0      0      0      0      0      0      0      0      0
  49   -78.000      0      0      0      0      0      0      0      0      0      0      0      0
  50   -77.750      0      0      0      0      0      0      1      0      0      1      1      2
  51   -77.500      0      0      0      0      0      0      0      0      0      0      0      0
  52   -77.250      0      0      0      0      0      0      0      0      0      0      0      0
  53   -77.000      0      0      0      0      0      0      0      0      0      0      0      0
  54   -76.750      0      0      0      0      0      0      0      0      0      0      0      0
  55   -76.500      0      0      0      0      0      0      0      0      0      0      0      0
  56   -76.250      0      0      0      0      0      0      0      0      0      0      0      0
  57   -76.000      0      0      0      0      0      0      0      0      0      0      0      0
  58   -75.750      0      0      0      0      0      0      0      0      0      0      0      0
  59   -75.500      0      0      0      0      0      0      0      0      0      0      0      0
  60   -75.250      0      0      0      0      0      0      1      0      0      0      0      0
  61   -75.000      0      0      0      0      0      0      0      0      1      1      0      0
  62   -74.750      0      0      0      0      0      0      0      0      0      0      0      0
  63   -74.500      0      0      0      0      0      0      0      0      0      0      0      0
  64   -74.250      0      0      0      0      0      0      0      0      0      0      0      0
  65   -74.000      0      0      0      0      0      0      0      0      0      0      0      0
  66   -73.750      0      0      0      0      0      0      0      0      0      0      0      0
  67   -73.500      0      0      0      0      0      0      0      0      0      0      0      0
  68   -73.250      0      0      0      0      0      0      0      0      0      0      0      0
  69   -73.000      0      0      0      0      0      0      0      0      0      0      0      0
  70   -72.750      0      0      0      0      0      0      0      0      0      0      0      0
  71   -72.500      0      0      0      0      0      0      0      0      0      0      0      0
  72   -72.250      0      0      0      0      0      0      0      0      0      0      0      0
  73   -72.000      0      0      0      0      0      0      0      0      0      0      0      0
  74   -71.750      0      0      0      0      0      0      0      0      0      0      0      0
  75   -71.500      0      0      0      0      0      0      0      0      0      0      0      0
  76   -71.250      0      0      0      0      0      0      0      0      0      0      0      0
  77   -71.000      0      0      0      0      0      0      0      0      0      0      0      0
  78   -70.750      0      0      0      0      0      1      1      1      0      1      1      2
  79   -70.500      0      0      0      0      0      0      0      0      0      0      0      0
  80   -70.250      0      0      0      0      0      0      0      0      0      0      0      0
  81   -70.000      0      0      0      0      0      0      0      0      0      0      0      0
  82   -69.750      0      0      0      0      0      0      0      0      0      0      0      0
  83   -69.500      0      0      0      0      0      0      0      0      0      0      0      0
  84   -69.250      0      0      0      0      0      1      0      0      0      0      0      0
  85   -69.000      0      0      0      0      1      2      2      2      2      4      5      4
  86   -68.750      0      0      0      0      1      1      2      1      0      0      0      0
  87   -68.500      0      0      0      0      0      0      0      1      2      4      3      4
  88   -68.250      0      0      0      0      0      0      0      0      0      0      0      0
  89   -68.000      0      0      0      0      0      0      0      0      0      0      0      0
  90   -67.750      0      0      0      0      0      0      0      0      0      0      0      0
  91   -67.500      0      0      0      0      0      0      0      0      0      0      1      1
  92   -67.250      0      0      0      0      0      0      0      0      0      0      0      0
  93   -67.000      0      0      0      0      0      1      0      0      0      0      0      0
  94   -66.750      0      0      0      0      0      0      0      0      0      1      3      2
  95   -66.500      0      0      0      0      1      2      1      1      0      0      0      0
  96   -66.250      0      0      0      0      0      0      1      1      1      3      4      4
  97   -66.000      0      0      0      0      0      0      0      0      0      0      0      0
  98   -65.750      0      0      0      0      0      0      0      0      0      0      0      0
  99   -65.500      0      0      0      0      0      0      0      0      0      0      0      0
 100   -65.250      0      0      0      0      0      0      0      0      0      0      0      0
 101   -65.000      0      0      0      0      0      0      0      0      0      0      0      0
 102   -64.750      0      0      0      0      0      0      0      0      0      0      0      0
 103   -64.500      0      0      0      0      0      0      0      0      0      0      0      0
 104   -64.250      0      0      0      0      0      0      0      0      0      0      0      0
 105   -64.000      0      0      0      0      0      0      0      0      0      0      0      0
 106   -63.750      0      0      0      0      0      0      0      0      0      0      0      0
 107   -63.500      0      0      0      0      0      0      0      0      0      0      0      0
 108   -63.250      0      0      0      0      0      0      0      0      0      0      0      0
 109   -63.000      0      0      0      0      0      0      0      0      0      0      0      0
 110   -62.750      0      0      0      0      0      0      0      0      0      0      0      0
 111   -62.500      0      0      0      0      0      0      0      0      0      0      0      0
 112   -62.250      0      0      0      0      0      0      0      0      0      0      0      0
 113   -62.000      0      0      0      0      0      0      0      0      0      0      0      0
 114   -61.750      0      0      0      0      0      0      0      0      0      0      0      0
 115   -61.500      0      0      0      0      0      0      0      0      0      0      0      0
 116   -61.250      0      0      0      0      0      0      0      0      0      0      0      0
 117   -61.000      0      0      0      0      0      0      0      0      0      0      0      0
 118   -60.750      0      0      0      0      0      0      0      0      0      0      0      0
 119   -60.500      0      0      0      0      0      0      0      0      0      0      0      0
 120   -60.250      0      0      0      0      0      0      0      0      0      0      0      0
 121   -60.000      0      0      0      0      0      0      0      0      0      0      0      0
 122   -59.750      0      0      0      0      0      0      0      0      0      0      0      0
 123   -59.500      0      0      0      0      0      0      0      0      0      0      0      0
 124   -59.250      0      0      0      0      0      0      0      0      0      0      0      0
 125   -59.000      0      0      0      0      0      0      0      0      0      0      0      0
 126   -58.750      0      0      0      0      0      0      0      0      0      0      0      0
 127   -58.500      0      0      0      0      0      0      0      0      0      0      0      0
 128   -58.250      0      0      0      0      0      0      0      0      0      0      0      0
 129   -58.000      0      0      0      0      0      0      0      0      0      0      0      0
 130   -57.750      0      0      0      0      0      0      0      0      0      0      0      0
 131   -57.500      0      0      0      0      0      0      0      0      0      0      0      0
 132   -57.250      0      0      0      0      0      0      0      0      0      0      0      0
 133   -57.000      0      0      0      0      0      0      0      0      0      0      0      0
 134   -56.750      0      0      0      0      0      0      0      0      0      0      0      0
 135   -56.500      0      0      0      0      0      0      0      0      0      0      0      0
 136   -56.250      0      0      0      0      0      0      0      0      0      0      0      0
 137   -56.000      0      0      0      0      0      0      0      0      0      0      0      0
 138   -55.750      0      0      0      0      0      0      0      0      0      0      0      0
 139   -55.500      0      0      0      0      0      0      0      0      0      0      0      0
 140   -55.250      0      0      0      0      0      0      0      0      0      0      0      0
 141   -55.000      0      0      0      0      0      0      0      0      0      0      0      0
 142   -54.750      0      0      0      0      0      0      1      0      0      0      0      0
 143   -54.500      0      0      0      0      0      0      0      0      1      2      2      3
 144   -54.250      0      0      0      0      0      0      1      1      0      0      0      0
 145   -54.000      0      0      0      0      0      1      0      0      0      0      0      0
 146   -53.750      0      0      0      0      0      0      0      0      0      0      0      0
 147   -53.500      0      0      0      0      0      0      0      0      0      0      0      0
 148   -53.250      0      0      0      0      0      0      0      0      0      0      0      0
 149   -53.000      0      0      0      0      0      0      0      0      0      1      2      1
 150   -52.750      0      0      0      0      0      0      0      0      0      0      0      0
 151   -52.500      0      0      0      0      0      0      0      0      0      0      0      0
 152   -52.250      0      0      0      0      0      0      0      0      0      0      0      0
 153   -52.000      0      0      0      0      0      0      0      0      0      0      0      0
 154   -51.750      0      0      0      0      0      0      1      0      0      2      1      1
 155   -51.500      0      0      0      0      0      0      0      0      0      0      0      0
 156   -51.250      0      0      0      0      0      0      0      0      0      0      0      0
 157   -51.000      0      0      0      0      0      0      0      0      0      0      0      0
 158   -50.750      0      0      0      0      0      0      0      0      0      0      0      0
 159   -50.500      0      0      0      0      0      0      0      0      0      0      0      0
 160   -50.250      0      0      0      0      0      0      0      0      0      0      0      0
 161   -50.000      0      0      0      0      0      0      0      0      0      0      0      0
 162   -49.750      0      0      0      0      0      0      0      0      0      0      0      0
 163   -49.500      0      0      0      0      0      0      0      0      0      0      0      0
 164   -49.250      0      0      0      0      0      0      0      0      0      0      0      0
 165   -49.000      0      0      0      0      0      0      0      0      0      0      0      0
 166   -48.750      0      0      0      0      0      0      0      0      0      0      0      0
 167   -48.500      0      0      0      0      0      0      0      0      0      0      0      0
 168   -48.250      0      0      0      0      0      0      0      0      0      0      0      0
 169   -48.000      0      0      0      0      0      0      0      0      0      0      0      0
 170   -47.750      0      0      0      0      0      0      0      0      0      0      0      0
 171   -47.500      0      0      0      0      0      0      0      0      0      0      0      0
 172   -47.250      0      0      0      0      0      0      0      0      0      0      0      0
 173   -47.000      0      0      0      0      0      0      0      0      0      0      0      0
 174   -46.750      0      0      0      0      0      0      0      0      0      0      0      0
 175   -46.500      0      0      0      0      0      0      0      0      0      1      2      3
 176   -46.250      0      0      0      0      1      0      1      1      0      0      0      0
 177   -46.000      0      0      0      0      1      1      0      0      0      0      0      0
 178   -45.750      0      0      0      0      0      0      0      0      0      0      0      0
 179   -45.500      0      0      0      0      0      0      0      0      0      0      0      0
 180   -45.250      0      0      0      0      0      0      0      0      0      0      0      0
 181   -45.000      0      0      0      0      0      0      0      0      0      0      0      0
 182   -44.750      0      0      0      0      0      0      0      0      0      0      0      0
 183   -44.500      0      0      0      0      0      0      0      0      0      0      0      0
 184   -44.250      0      0      0      0      0      0      0      0      0      0      0      0
 185   -44.000      0      0      0      0      0      0      0      0      0      0      0      0
 186   -43.750      0      0      0      0      0      0      0      0      0      0      0      0
 187   -43.500      0      0      0      0      0      0      0      0      0      0      0      0
 188   -43.250      0      0      0      0      0      0      0      0      0      0      0      0
 189   -43.000      0      0      0      0      0      0      0      0      0      0      0      0
 190   -42.750      0      0      0      0      0      3      2      2      2      3      3      5
 191   -42.500      0      0      0      0      0      0      0      0      0      0      0      0
 192   -42.250      0      0      0      0      0      0      0      0      0      0      0      0
 193   -42.000      0      0      0      0      0      0      0      0      0      0      0      0
 194   -41.750      0      0      0      0      0      0      0      0      0      0      0      0
 195   -41.500      0      0      0      0      0      0      1      0      1      1      1      2
 196   -41.250      0      0      0      0      0      0      0      0      0      0      0      0
 197   -41.000      0      0      0      0      0      0      0      0      0      0      2      4
 198   -40.750      0      0      0      0      1      2      2      1      0      0      0      0
 199   -40.500      0      0      0      0      0      0      0      0      0      0      0      0
 200   -40.250      0      0      0      0      0      0      0      0      0      0      0      0
 201   -40.000      0      0      0      0      0      0      0      0      0      0      0      0
 202   -39.750      0      0      0      0      0      0      0      0      0      0      0      0
 203   -39.500      0      0      0      0      0      0      0      0      0      0      0      0
 204   -39.250      0      0      0      0      0      0      0      0      0      0      0      0
 205   -39.000      0      0      0      0      0      0      0      0      0      0      0      0
 206   -38.750      0      0      0      0      0      0      0      0      0      0      0      0
 207   -38.500      0      0      0      0      0      0      0      0      0      0      0      0
 208   -38.250      0      0      0      0      0      0      0      0      0      0      0      0
 209   -38.000      0      0      0      0      0      0      0      0      0      0      0      0
 210   -37.750      0      0      0      0      0      0      0      1      1      2      4      5
 211   -37.500      0      0      0      0      0      2      3      1      0      0      0      0
 212   -37.250      0      0      0      0      0      1      0      0      0      0      0      0
 213   -37.000      0      0      0      0      0      0      0      0      0      0      0      0
 214   -36.750      0      0      0      0      1      2      2      2      1      1      2      4
 215   -36.500      0      0      0      0      0      1      0      0      0      0      0      0
 216   -36.250      0      0      0      0      0      0      0      0      0      0      0      0
 217   -36.000      0      0      0      0      0      0      0      0      0      0      0      0
 218   -35.750      0      0      0      0      0      0      0      0      0      0      0      0
 219   -35.500      0      0      0      0      0      0      0      0      0      0      0      0
 220   -35.250      0      0      0      0      0      1      0      0      0      1      1      1
 221   -35.000      0      0      0      0      1      2      2      1      2      5      5      6
 222   -34.750      0      0      0      0      0      2      3      1      0      1      1      2
 223   -34.500      0      0      0      0      0      0      0      0      0      0      0      0
 224   -34.250      0      0      0      0      0      2      1      0      0      0      0      0
 225   -34.000      0      0      0      0      0      4      4      3      2      4      8      9
 226   -33.750      0      0      0      0      0      2      3      1      1      3      4      5
 227   -33.500      0      0      0      0      0      0      0      0      0      0      0      0
 228   -33.250      0      0      0      0      0      0      0      0      0      0      0      0
 229   -33.000      0      0      0      0      0      0      0      0      0      0      0      0
 230   -32.750      0      0      0      0      0      1      1      0      1      2      1      2
 231   -32.500      0      0      0      0      0      0      0      0      0      0      0      0
 232   -32.250      0      0      0      0      0      0      0      0      0      0      0      0
 233   -32.000      0      0      0      0      0      0      1      1      1      4      5      5
 234   -31.750      0      0      0      0      1      2      2      0      0      0      0      0
 235   -31.500      0      0      0      0      0      0      1      0      0      1      3      2
 236   -31.250      0      0      0      0      0      0      0      0      1      2      2      2
 237   -31.000      0      0      0      0      1      1      1      0      0      1      0      0
 238   -30.750      0      0      0      0      1      1      2      1      1      3      4      0
 239   -30.500      0      0      0      0      0      0      0      0      0      0      0      0
 240   -30.250      0      0      0      0      0      0      0      0      0      0      0      0
 241   -30.000      0      0      0      0      0      1      0      0      0      0      0      1
 242   -29.750      0      0      0      0      0      0      1      1      1      3      4      6
 243   -29.500      0      0      0      0      0      0      1      0      0      0      0      0
 244   -29.250      0      0      0      0      0      1      1      0      0      0      0      0
 245   -29.000      0      0      0      0      0      0      2      1      1      5      3      1
 246   -28.750      0      0      0      0      0      1      1      0      1      2      2      1
 247   -28.500      0      0      0      0      0      0      0      0      0      0      0      0
 248   -28.250      0      0      0      0      0      0      0      0      0      0      0      0
 249   -28.000      0      0      0      0      0      0      0      0      0      0      0      0
 250   -27.750      0      0      0      0      0      0      0      0      0      0      0      1
 251   -27.500      0      0      0      0      0      1      2      1      1      5      5      4
 252   -27.250      0      0      0      0      0      1      1      0      0      0      0      0
 253   -27.000      0      0      0      0      0      0      0      0      0      0      0      0
 254   -26.750      0      0      0      0      0      0      0      0      0      2      1      0
 255   -26.500      0      0      0      0      0      1      1      1      0      3      4      1
 256   -26.250      0      0      0      0      0      1      1      0      0      0      0      0
 257   -26.000      0      0      0      0      0      1      2      1      1      5      2      0
 258   -25.750      0      0      0      0      0      3      2      1      0      1      0      0
 259   -25.500      0      0      0      0      0      1      3      3      2      6      8      7
 260   -25.250      0      0      0      0      1      4      3      0      0      2      2      3
 261   -25.000      0      0      0      0      0      1      0      0      0      0      0      0
 262   -24.750      0      0      0      0      0      0      0      0      0      0      0      0
 263   -24.500      0      0      0      0      0      0      0      0      0      0      0      0
 264   -24.250      0      0      0      0      0      0      0      0      0      0      0      0
 265   -24.000      0      0      0      0      0      0      0      0      0      0      0      0
 266   -23.750      0      0      0      0      0      0      0      0      0      0      0      0
 267   -23.500      0      0      0      0      1      2      4      2      2      6      6      5
 268   -23.250      0      0      0      0      0      2      2      1      3      5      6      5
 269   -23.000      0      0      0      0      1      3      2      0      0      0      0      0
 270   -22.750      0      0      0      0      0      1      1      0      1      2      2      4
 271   -22.500      0      0      0      0      0      0      0      0      0      1      0      0
 272   -22.250      0      0      0      0      0      1      2      1      3      6      5      4
 273   -22.000      0      0      0      0      0      1      1      0      0      0      0      0
 274   -21.750      0      0      0      0      0      0      0      0      0      0      0      0
 275   -21.500      0      0      0      0      0      0      0      0      0      0      0      0
 276   -21.250      0      0      0      0      0      0      0      0      0      0      0      0
 277   -21.000      0      0      0      0      0      0      0      0      0      0      0      0
 278   -20.750      0      0      0      0      0      0      0      0      0      1      1      0
 279   -20.500      0      0      0      0      0      1      1      1      1      3      2      2
 280   -20.250      0      0      0      0      0      0      0      0      0      0      0      1
 281   -20.000      0      0      0      0      0      0      0      0      0      0      0      0
 282   -19.750      0      0      0      0      0      0      0      0      1      3      3      1
 283   -19.500      0      0      0      0      0      1      1      0      0      0      0      0
 284   -19.250      0      0      0      0      0      0      0      0      0      0      0      0
 285   -19.000      0      0      0      0      0      1      2      1      1      4      5      4
 286   -18.750      0      0      0      0      0      2      1      0      0      0      0      0
 287   -18.500      0      0      0      0      0      0      0      0      0      0      0      0
 288   -18.250      0      0      0      0      0      0      0      0      0      0      0      0
 289   -18.000      0      0      0      0      1      1      1      1      0      3      3      1
 290   -17.750      0      0      0      0      1      2      3      2      1      3      4      4
 291   -17.500      0      0      0      0      0      0      0      0      0      0      0      0
 292   -17.250      0      0      0      0      0      0      0      0      0      0      0      0
 293   -17.000      0      0      0      0      0      0      0      0      0      0      0      0
 294   -16.750      0      0      0      0      0      0      0      0      0      0      0      0
 295   -16.500      0      0      0      0      1      1      1      0      0      0      0      0
 296   -16.250      0      0      0      0      0      1      2      2      1      8      5      2
 297   -16.000      0      0      0      0      1      2      3      2      4      6      4      1
 298   -15.750      0      0      0      0      1      3      3      2      2      4      4      2
 299   -15.500      0      0      0      0      0      0      0      0      0      0      0      0
 300   -15.250      0      0      0      0      0      0      0      0      0      0      0      0
 301   -15.000      0      0      0      0      0      0      0      0      0      0      0      0
 302   -14.750      0      0      0      0      0      0      0      0      0      0      0      0
 303   -14.500      0      0      0      0      0      0      1      0      0      0      0      0
 304   -14.250      0      0      0      0      0      0      1      1      0      3      5      3
 305   -14.000      0      0      0      0      0      0      0      0      0      0      0      0
 306   -13.750      0      0      0      0      0      0      0      0      0      0      0      0
 307   -13.500      0      0      0      0      0      0      0      0      0      0      0      0
 308   -13.250      0      0      0      0      0      0      0      0      0      0      0      0
 309   -13.000      0      0      0      0      0      0      0      0      0      0      0      0
 310   -12.750      0      0      0      0      1      2      2      1      2      6      2      2
 311   -12.500      0      0      0      0      2      3      4      2      3      8      6      3
 312   -12.250      0      0      0      0      1      1      2      1      1      3      3      2
 313   -12.000      0      0      0      0      0      0      0      0      0      0      0      0
 314   -11.750      0      0      0      0      0      0      0      0      0      0      0      0
 315   -11.500      0      0      0      0      0      0      0      0      0      0      0      0
 316   -11.250      0      0      0      0      0      0      0      0      0      0      0      0
 317   -11.000      0      0      0      0      0      0      0      0      0      0      0      0
 318   -10.750      0      0      0      0      0      0      0      0      0      0      0      0
 319   -10.500      0      0      0      0      0      0      0      0      0      0      0      0
 320   -10.250      0      0      0      0      0      1      1      1      0      4      3      1
 321   -10.000      0      0      0      0      0      0      2      1      2      2      1      0
 322    -9.750      0      0      0      0      1      4      3      2      1      1      3      3
 323    -9.500      0      0      0      0      0      1      1      0      0      0      0      0
 324    -9.250      0      0      0      0      0      0      0      0      0      2      1      0
 325    -9.000      0      0      0      0      0      0      0      0      0      0      0      0
 326    -8.750      0      0      0      0      0      0      1      1      1      2      2      3
 327    -8.500      0      0      0      0      1      1      1      0      0      0      1      1
 328    -8.250      0      0      0      0      0      0      0      0      0      0      0      0
 329    -8.000      0      0      0      0      1      2      1      0      0      1      1      1
 330    -7.750      0      0      0      0      0      1      1      1      2      3      2      1
 331    -7.500      0      0      0      0      1      3      2      1      2      2      2      2
 332    -7.250      0      0      0      0      0      0      0      0      1      4      3      3
 333    -7.000      0      0      0      0      0      0      0      0      0      0      0      0
 334    -6.750      0      0      0      0      0      0      0      0      0      0      0      0
 335    -6.500      0      0      0      0      0      0      0      0      0      0      0      0
 336    -6.250      0      0      0      0      1      1      1      0      0      1      0      0
 337    -6.000      0      0      0      0      0      3      3      2      3      6      8      8
 338    -5.750      0      0      0      0      1      1      2      1      2      4      2      3
 339    -5.500      0      0      0      0      0      0      0      0      0      0      0      0
 340    -5.250      0      0      0      0      0      2      0      0      0      0      0      0
 341    -5.000      0      0      0      0      2      1      2      1      2      4      3      4
 342    -4.750      0      0      0      0      1      2      3      2      1      3      5      5
 343    -4.500      0      0      0      0      1      1      1      1      0      2      2      3
 344    -4.250      0      0      0      0      0      1      1      1      0      2      2      4
 345    -4.000      0      0      0      0      1      1      1      0      0      1      0      0
 346    -3.750      0      0      0      0      1      3      3      3      3      6      8      7
 347    -3.500      0      0      0      0      0      1      1      1      1      2      2      2
 348    -3.250      0      0      0      0      0      2      3      2      1      2      4      4
 349    -3.000      0      0      0      0      0      0      1      0      0      0      0      0
 350    -2.750      0      0      0      0      1      2      2      1      2      3      2      2
 351    -2.500      0      0      0      0      1      2      3      1      1      5      4      4
 352    -2.250      0      0      0      0      1      1      1      0      2      3      2      3
 353    -2.000      0      0      0      0      0      0      0      0      0      0      0      0
 354    -1.750      0      0      0      0      0      0      0      0      0      0      0      0
 355    -1.500      0      0      0      0      1      1      1      0      0      0      1      3
 356    -1.250      0      0      0      0      2      4      4      4      4      5      5      6
 357    -1.000      0      0      0      0      1      2      1      0      0      3      1      4
 358    -0.750      0      0      0      0      1      2      2      1      4      3      2      3
 359    -0.500      0      0      0      0      0      0      0      0      0      0      0      0
 360    -0.250      0      0      0      0      1      1      1      0      1      3      1      2
 361     0.000      0      0      0      0      0      1      2      1      1      1      2      1
 362     0.250      0      0      0      0      0      0      0      0      0      0      0      0
 363     0.500      0      0      0      0      0      0      0      0      0      0      0      0
 364     0.750      0      0      0      0      0      0      0      0      0      0      0      0
 365     1.000      0      0      0      0      0      0      0      0      0      0      0      0
 366     1.250      0      0      0      0      3      3      4      1      1      4      5      6
 367     1.500      0      0      0      0      2      4      3      2      2      4      3      4
 368     1.750      0      0      0      0      0      0      0      0      0      0      0      0
 369     2.000      0      0      0      0      0      0      0      0      0      0      0      0
 370     2.250      0      0      0      0      0      0      0      0      0      0      0      0
 371     2.500      0      0      0      0      0      1      1      1      0      2      2      2
 372     2.750      0      0      0      0      3      4      5      3      2      4      5      9
 373     3.000      0      0      0      0      0      0      1      0      0      0      1      1
 374     3.250      0      0      0      0      2      4      5      3      6      8      6      7
 375     3.500      0      0      0      0      1      1      1      1      2      2      3      3
 376     3.750      0      0      0      0      1      2      2      1      1      2      3      6
 377     4.000      0      0      0      0      1      3      4      3      3      6      7      5
 378     4.250      0      0      0      0      1      3      3      2      2      5      3      6
 379     4.500      0      0      0      0      0      0      0      0      0      0      0      0
 380     4.750      0      0      0      0      0      1      1      1      0      1      1      0
 381     5.000      0      0      0      0      0      0      0      0      0      0      0      0
 382     5.250      0      0      0      0      3      5      5      3      5      7      9      8
 383     5.500      0      0      0      0      0      1      1      0      0      1      1      2
 384     5.750      0      0      0      0      0      0      0      0      0      0      0      0
 385     6.000      0      0      0      0      1      3      2      1      1      3      3      4
 386     6.250      0      0      0      0      0      2      3      2      1      3      3      6
 387     6.500      0      0      0      0      0      0      0      0      0      0      0      0
 388     6.750      0      0      0      0      0      0      0      0      0      0      0      0
 389     7.000      0      0      0      0      1      3      2      2      1      3      6      9
 390     7.250      0      0      0      0      3      5      5      4      6      9      9      8
 391     7.500      0      0      0      0      3      3      3      2      1      4      5      3
 392     7.750      0      0      0      0      0      0      0      0      0      0      0      0
 393     8.000      0      0      0      0      0      2      1      0      1      2      2      2
 394     8.250      0      0      0      0      0      2      2      1      0      1      1      1
 395     8.500      0      0      0      0      0      0      0      0      0      0      0      0
 396     8.750      0      0      0      0      1      1      1      1      0      0      1      1
 397     9.000      0      0      0      0      0      0      0      0      0      0      0      0
 398     9.250      0      0      0      0      0      0      0      0      0      0      0      0
 399     9.500      0      0      0      0      0      0      0      0      0      2      2      3
 400     9.750      0      0      0      0      0      2      1      1      0      2      2      3
 401    10.000      0      0      0      0      0      0      1      1      0      0      1      2
 402    10.250      0      0      0      0      0      3      2      1      1      2      3      3
 403    10.500      0      0      0      0      1      2      2      2      1      1      2      3
 404    10.750      0      0      0      0      2      4      3      2      3      5      4      5
 405    11.000      0      0      0      0      0      0      1      1      0      2      3      4
 406    11.250      0      0      0      0      0      0      0      0      0      0      0      0
 407    11.500      0      0      0      0      1      1      0      0      0      0      0      0
 408    11.750      0      0      0      0      0      0      1      1      3      5      2      2
 409    12.000      0      0      0      0      0      1      1      0      1      3      1      0
 410    12.250      0      0      0      0      0      0      0      0      0      0      0      0
 411    12.500      0      0      0      0      0      0      0      0      0      0      0      0
 412    12.750      0      0      0      0      0      0      0      0      0      0      0      0
 413    13.000      0      0      0      0      5      8      7      5      7     10      8     10
 414    13.250      0      0      0      0      1      2      1      0      0      0      0      0
 415    13.500      0      0      0      0      2      3      4      3      1      3      5      3
 416    13.750      0      0      0      0      0      0      0      0      0      0      0      0
 417    14.000      0      0      0      0      0      0      0      0      0      0      0      0
 418    14.250      0      0      0      0      0      0      0      0      0      0      0      0
 419    14.500      0      0      0      0      1      3      2      1      1      2      5      2
 420    14.750      0      0      0      0      0      1      0      0      0      0      0      0
 421    15.000      0      0      0      0      0      0      0      0      0      1      1      2
 422    15.250      0      0      0      0      0      0      0      0      0      1      1      0
 423    15.500      0      0      0      0      0      0      0      0      0      0      0      0
 424    15.750      0      0      0      0      0      0      0      0      0      0      0      0
 425    16.000      0      0      0      0      3      4      3      2      5      8      4      5
 426    16.250      0      0      0      0      2      3      1      1      1      2      1      2
 427    16.500      0      0      0      0      0      0      1      1      2      4      4      0
 428    16.750      0      0      0      0      3      7      6      2      1      4      8      7
 429    17.000      0      0      0      0      1      3      4      3      3      6      4      3
 430    17.250      0      0      0      0      0      0      0      0      0      0      0      0
 431    17.500      0      0      0      0      4      5      3      2      2      2      2      3
 432    17.750      0      0      0      0      0      2      3      2      1      4      4      3
 433    18.000      0      0      0      0      3      4      3      2      1      1      3      3
 434    18.250      0      0      0      0      2      5      5      2      4      8      5      2
 435    18.500      0      0      0      0      4      4      3      2      2      4      4      6
 436    18.750      0      0      0      0      2      2      2      1      5      6      5      4
 437    19.000      0      0      0      0      1      3      2      1      0      1      2      4
 438    19.250      0      0      0      0      6      6      6      3      3      7      5      5
 439    19.500      0      0      0      0      0      2      2      2      3      6      2      0
 440    19.750      0      0      0      0      4      3      4      2      7     10      8      5
 441    20.000      0      0      0      0      3     10      6      3      5      7      6      8
 442    20.250      0      0      0      0      1      1      2      2      1      4      3      4
 443    20.500      0      0      0      0      0      1      0      0      0      0      0      0
 444    20.750      0      0      0      0      1      1      1      1      1      2      3      0
 445    21.000      0      0      0      0      4      6      6      4      3      8      9      9
 446    21.250      0      0      0      0      3      4      3      1      1      2      2      2
 447    21.500      0      0      0      0      0      1      1      1      0      3      1      0
 448    21.750      0      0      0      0      3      4      2      1      2      6      5      3
 449    22.000      0      0      0      0      4      3      3      3      5      8      5      3
 450    22.250      0      0      0      0      1      4      2      1      0      1      2      4
 451    22.500      0      0      0      0      5      7      2      1      0      0      0      0
 452    22.750      0      0      0      0      6     13     13      9     14     22     16      8
 453    23.000      0      0      0      0      1      2      3      2      3      5      5      1
 454    23.250      0      0      0      0      8     15      7      3      2      5      8     10
 455    23.500      0      0      0      0      5     12     15     13     14     21     22     12
 456    23.750      0      0      0      0      7     14     11      6      4      7      9      9
 457    24.000      0      0      0      0      1      3      5      4      4      8     10     10
 458    24.250      0      0      0      0      5      9      7      4      2      7     10     11
 459    24.500      0      0      0      0     11     14     15     10     10     19     19     16
 460    24.750      0      0      0      0      6     12      3      1      2      2      1      0
 461    25.000      0      0      0      0      7     14     18     13     18     27     19     11
 462    25.250      0      0      0      0      3      6      3      1      0      1      6      5
 463    25.500      0      0      0      0      2      2      3      3      2      2      1      1
 464    25.750      0      0      0      0      8     13      9      5      2      7     13     15
 465    26.000      0      0      0      0      7     13     16     11      7     18     21     18
 466    26.250      0      0      0      0      4      5      4      4      2      1      1      1
 467    26.500      0      0      0      0      7      7      9      6     12     18     13      2
 468    26.750      0      0      0      0      2      6      6      5      8     12      9      5
 469    27.000      0      0      0      0      3      5      5      2      3      7      4      4
 470    27.250      0      0      0      0      1      2      4      2      1      3      6      4
 471    27.500      0      0      0      0      8     12     11      7     13     16     12      5
 472    27.750      0      0      0      0     10     10     12      7      7     12      9      9
 473    28.000      0      0      0      0      2      4      5      6     14     21     16      6
 474    28.250      0      0      0      0      8      9      8      7     11     16     15      7
 475    28.500      0      0      0      0     10     14     13      8      9     13     14     19
 476    28.750      0      0      0      0      4      8     11      7      4     10     12      6
 477    29.000      0      0      0      0      1      2      6      3      2      2      5      7
 478    29.250      0      0      0      0      3      4      3      1      0      0      0      1
 479    29.500      0      0      0      0      5     10     10      8     10     20     17      7
 480    29.750      0      0      0      0      0      1      5      7     14      6      0      0
 481    30.000      0      0      0      0      2      3      1      1      1      1      0      0
 482    30.250      0      0      0      0      9     12     17     10      9     21     21     23
 483    30.500      0      0      0      0     16     20     18      9      8     21     21     25
 484    30.750      0      0      0      0      6     10     18     11     13     28     29     16
 485    31.000      0      0      0      0      2      4      4      2      0      0      0      0
 486    31.250      0      0      0      0      6      9      4      6     12     10      3      1
 487    31.500      0      0      0      0      5     11     20     19     26     16      7     11
 488    31.750      0      0      0      0      6     10      7      3      1      3      4      2
 489    32.000      0      0      0      0      3      4     10      7      5     20     16     10
 490    32.250      0      0      0      0      8      9      8      5      6     14     11     10
 491    32.500      0      0      0      0      4      6      7      3      3      8     10      6
 492    32.750      0      0      0      0     10     14     11      6      6     16     18     17
 493    33.000      0      0      0      0     12     26     33     21     28     41     36     28
 494    33.250      0      0      0      0      7      7      8      6      8     16     14     11
 495    33.500      0      0      0      0      3      6     11      6      3      7     12     12
 496    33.750      0      0      0      0      2      4      7      5      3      6      9      8
 497    34.000      0      0      0      0      1      3      2      0      0      0      0      0
 498    34.250      0      0      0      0      3      7     11      5      4     12     13      7
 499    34.500      0      0      0      0      4      8     11      5      6     17     10      6
 500    34.750      0      0      0      0     11     16     18     10     12     28     27     29
 501    35.000      0      0      0      0      9     11     15      8     12     24      9      6
 502    35.250      0      0      0      0      8     11     14     11     11     21     17     11
 503    35.500      0      0      0      0      5     10     11      6     10     16     13      4
 504    35.750      0      0      0      0      7      8     10      5      7     16      9      0
 505    36.000      0      0      0      0      7     13     15     10      9     25     27     24
 506    36.250      0      0      0      0      7     12     22     10      7     13      7      4
 507    36.500      0      0      0      0      8     14     13      8     15     22     11      3
 508    36.750      0      0      0      0      3      8     12      8     10     22     17     13
 509    37.000      0      0      0      0      7      9      9      8     14     31     15     10
 510    37.250      0      0      0      0      7     12     18      9     11     18     13      6
 511    37.500      0      0      0      0      2      5      5      4      7     11     10      6
 512    37.750      0      0      0      0     13     14     21     12      9     27     23     16
 513    38.000      0      0      0      0     10     13     18     11      7     20     25     23
 514    38.250      0      0      0      0      6      7      8      2      1      4      3      0
 515    38.500      0      0      0      0      5      7     12      7      5     16     15      4
 516    38.750      0      0      0      0      8     10      6      5      9     18     13      2
 517    39.000      0      0      0      0      6      9     22     11     13     31     29     20
 518    39.250      0      0      0      0      7      9      7      4      2      1      3      3
 519    39.500      0      0      0      0     11     16     18      9     12     23     20     10
 520    39.750      0      0      0      0     11     12     17     10      9     19     14      4
 521    40.000      0      0      0      0      5     10     17     10      7     15     13      9
 522    40.250      0      0      0      0      5      5      5      3      7     17     14      5
 523    40.500      0      0      0      0      8     11     12      6      3      8     11      8
 524    40.750      0      0      0      0     10     15     22     14     12     30     34      9
 525    41.000      0      0      0      0      9     10      9      4      2      3      7      5
 526    41.250      0      0      0      0      7      9     11      6      4     13     13      8
 527    41.500      0      0      0      0     10     14     12      5      3      7      8      8
 528    41.750      0      0      0      0      8     14     24     13     11     25     27     17
 529    42.000      0      0      0      0      1      4      7      4      3     11      9      6
 530    42.250      0      0      0      0      4      4      5      4      4     10     13      6
 531    42.500      0      0      0      0      6     10      8      2      1      0      1      3
 532    42.750      0      0      0      0      6     10     13      7      7     15     17     18
 533    43.000      0      0      0      0      6     10     19     14     10     26     25     18
 534    43.250      0      0      0      0      7     10     12      6      4     15     22     13
 535    43.500      0      0      0      0      8     15     18     12      9     19     19     11
 536    43.750      0      0      0      0     13     21     23     12      5     17     22     11
 537    44.000      0      0      0      0     12     21     29     20     17     38     47     29
 538    44.250      0      0      0      0      6     12     10      4      2      6      5      2
 539    44.500      0      0      0      0      9     12     11      6      5     10     14     11
 540    44.750      0      0      0      0      9     12     16     10      6     13     22     17
 541    45.000      0      0      0      0      5      6      8      4      2      3      7      7
 542    45.250      0      0      0      0      3      5      3      0      0      0      0      0
 543    45.500      0      0      0      0      3      5      8      6      4     11     14     13
 544    45.750      0      0      0      0      4      3      3      1      1      3      5      5
 545    46.000      0      0      0      0      3      6     13     10      5     12     20     17
 546    46.250      0      0      0      0      5     13     10      5      4      9     11      8
 547    46.500      0      0      0      0      3      4      5      2      0      2      2      2
 548    46.750      0      0      0      0      6      8      5      2      1      3      4      4
 549    47.000      0      0      0      0      2      4      8      5      3      8      8      8
 550    47.250      0      0      0      0      4      5      6      3      1      4      5      3
 551    47.500      0      0      0      0      8     11     10      4      4      8     11      9
 552    47.750      0      0      0      0      7     11     19     16     10     22     24     12
 553    48.000      0      0      0      0      7     12     15      4      1      6      9      6
 554    48.250      0      0      0      0      6      6      6      4      2      6      6      4
 555    48.500      0      0      0      0      5      8     10      6      4     10     13     15
 556    48.750      0      0      0      0      4      8     12      8      5      9     13      9
 557    49.000      0      0      0      0      6      8      8      4      2      5      7      6
 558    49.250      0      0      0      0      9      9     17     12      6     14     14     13
 559    49.500      0      0      0      0     10     15     12      7      5     10     10      6
 560    49.750      0      0      0      0      7      9      8      2      1      3      7      2
 561    50.000      0      0      0      0      3      5      8      7      6      9     11      7
 562    50.250      0      0      0      0      6     10     14     10      8     16     21     15
 563    50.500      0      0      0      0      8     15     18     10      5      7     10      8
 564    50.750      0      0      0      0      9     11     10      4      3      5      8     10
 565    51.000      0      0      0      0      5      5      7      4      3      9     11      9
 566    51.250      0      0      0      0      7      8      9      6      3      3      5     10
 567    51.500      0      0      0      0      6      9     12      6      2      8     11      9
 568    51.750      0      0      0      0      3      6      8      7      4     13     15     10
 569    52.000      0      0      0      0      5      7      9      5      2      5      6      5
 570    52.250      0      0      0      0      6      8     10      6      4      8      7      6
 571    52.500      0      0      0      0      3      5      8      4      3      9     11      9
 572    52.750      0      0      0      0      5      9     12      6      3      4      6      8
 573    53.000      0      0      0      0      4      6      7      5      4      8     12     12
 574    53.250      0      0      0      0      6      9      9      5      3     10     10     12
 575    53.500      0      0      0      0      8     11     12      8      5     10     11      7
 576    53.750      0      0      0      0      8     10     12      7      4     12     14      9
 577    54.000      0      0      0      0      7      7      7      4      2      5     10     10
 578    54.250      0      0      0      0      4      7      9      7      3      5      5      8
 579    54.500      0      0      0      0      5      8     10      3      2      4      4      6
 580    54.750      0      0      0      0      8     10     12     11      6      9     15     18
 581    55.000      0      0      0      0      8     10     16      9      3      7     11     14
 582    55.250      0      0      0      0      9      9      8      4      5     13     13     12
 583    55.500      0      0      0      0      3      4      4      3      1      3      3      3
 584    55.750      0      0      0      0      1      2      1      0      0      0      0      0
 585    56.000      0      0      0      0      1      3      4      2      0      0      0      0
 586    56.250      0      0      0      0      1      2      5      6      6     15     19     13
 587    56.500      0      0      0      0      2      4      8      5      2      5      6     10
 588    56.750      0      0      0      0      4      6      7      3      3      7      6      3
 589    57.000      0      0      0      0      2      3      3      2      1      5      5      2
 590    57.250      0      0      0      0      1      1      0      0      0      0      0      0
 591    57.500      0      0      0      0      2      3      2      0      0      0      0      0
 592    57.750      0      0      0      0      3      4      6      4      4      9     10     11
 593    58.000      0      0      0      0      6      8      7      6      5      9      9      9
 594    58.250      0      0      0      0      7      9     15      7      3     10     13      8
 595    58.500      0      0      0      0      5      7      9      5      3     11     16     17
 596    58.750      0      0      0      0      7     10     10      8      6     13     12     13
 597    59.000      0      0      0      0      1      1      0      0      0      0      0      0
 598    59.250      0      0      0      0      3      3      2      0      0      1      3      5
 599    59.500      0      0      0      0      4      6     12      9      7     13     17     15
 600    59.750      0      0      0      0      5      7      7      2      0      0      0      0
 601    60.000      0      0      0      0      4      5      4      3      1      3      5      3
 602    60.250      0      0      0      0      1      1      2      1      2      4      4      4
 603    60.500      0      0      0      0      4      4      3      0      0      0      0      1
 604    60.750      0      0      0      0      4      5      5      5      6     15     13      9
 605    61.000      0      0      0      0      2      2      4      2      1      5      5      3
 606    61.250      0      0      0      0      4      5      4      4      2      5      8     11
 607    61.500      0      0      0      0      2      4      6      2      3      5      7      5
 608    61.750      0      0      0      0      3      3      6      5      1      3      5      5
 609    62.000      0      0      0      0      1      3      4      3      2      4      6      8
 610    62.250      0      0      0      0      3      4      7      2      0      0      0      0
 611    62.500      0      0      0      0      3      3      2      2      2      5      5      2
 612    62.750      0      0      0      0      1      2      1      0      0      0      0      0
 613    63.000      0      0      0      0      4      4      5      4      2      4      7      6
 614    63.250      0      0      0      0      1      1      1      1      1      3      4      1
 615    63.500      0      0      0      0      1      2      3      0      0      0      0      0
 616    63.750      0      0      0      0      3      5      6      4      4      8      8      7
 617    64.000      0      0      0      0      6      7      7      3      1      1      3      4
 618    64.250      0      0      0      0      4      3      3      3      3      5      6      5
 619    64.500      0      0      0      0      1      1      2      1      2      4      5      9
 620    64.750      0      0      0      0      2      2      3      3      2      2      4      3
 621    65.000      0      0      0      0      2      2      3      1      0      2      3      6
 622    65.250      0      0      0      0      6      8     12      7      3      6      9      6
 623    65.500      0      0      0      0      4      5      4      1      1      3      4      4
 624    65.750      0      0      0      0      1      2      4      3      1      1      3      4
 625    66.000      0      0      0      0      0      0      0      0      0      0      0      0
 626    66.250      0      0      0      0      0      0      0      0      0      0      0      0
 627    66.500      0      0      0      0      1      1      2      1      1      1      3      3
 628    66.750      0      0      0      0      3      3      4      3      1      3      3      4
 629    67.000      0      0      0      0      1      2      2      1      1      3      4      5
 630    67.250      0      0      0      0      0      0      2      2      1      4      5      6
 631    67.500      0      0      0      0      2      4      4      3      1      2      3      3
 632    67.750      0      0      0      0      3      4      4      3      1      2      3      6
 633    68.000      0      0      0      0      2      2      2      2      1      1      2      1
 634    68.250      0      0      0      0      2      4      5      2      2      2      4      4
 635    68.500      0      0      0      0      2      2      0      0      0      0      0      0
 636    68.750      0      0      0      0      5      6      8      5      3      6      9     11
 637    69.000      0      0      0      0      4      5      6      3      2      2      3      3
 638    69.250      0      0      0      0      1      1      2      1      1      1      3      4
 639    69.500      0      0      0      0      0      0      0      0      0      0      0      0
 640    69.750      0      0      0      0      0      0      0      0      0      0      0      0
 641    70.000      0      0      0      0      0      0      0      0      0      0      0      0
 642    70.250      0      0      0      0      1      0      1      0      0      0      0      0
 643    70.500      0      0      0      0      1      2      3      2      2      3      4      8
 644    70.750      0      0      0      0      0      0      1      1      0      1      1      0
 645    71.000      0      0      0      0      1      1      1      0      0      0      0      0
 646    71.250      0      0      0      0      1      2      2      1      1      1      2      4
 647    71.500      0      0      0      0      1      1      1      0      0      1      1      0
 648    71.750      0      0      0      0      0      1      1      2      0      2      1      3
 649    72.000      0      0      0      0      1      1      0      0      0      0      0      0
 650    72.250      0      0      0      0      0      0      0      0      0      0      0      0
 651    72.500      0      0      0      0      2      3      5      3      4      3      1      4
 652    72.750      0      0      0      0      1      1      1      0      0      0      0      0
 653    73.000      0      0      0      0      0      0      0      0      0      0      0      0
 654    73.250      0      0      0      0      0      0      0      0      0      0      0      0
 655    73.500      0      0      0      0      0      0      0      0      0      0      0      0
 656    73.750      0      0      0      0      0      0      0      0      0      0      0      0
 657    74.000      0      0      0      0      0      0      0      0      0      0      0      0
 658    74.250      0      0      0      0      1      1      0      0      0      0      0      0
 659    74.500      0      0      0      0      1      1      3      3      1      2      3      3
 660    74.750      0      0      0      0      1      2      2      1      0      1      3      4
 661    75.000      0      0      0      0      0      0      0      0      0      0      0      0
 662    75.250      0      0      0      0      0      0      0      0      0      0      0      0
 663    75.500      0      0      0      0      0      0      0      0      0      0      0      0
 664    75.750      0      0      0      0      0      0      0      0      0      0      0      0
 665    76.000      0      0      0      0      0      0      0      0      0      0      0      0
 666    76.250      0      0      0      0      0      0      0      0      0      0      0      0
 667    76.500      0      0      0      0      1      1      1      0      0      0      0      0
 668    76.750      0      0      0      0      1      1      1      1      1      2      2      4
 669    77.000      0      0      0      0      0      0      0      0      0      0      0      0
 670    77.250      0      0      0      0      0      0      0      0      0      0      0      0
 671    77.500      0      0      0      0      1      1      2      0      0      0      0      0
 672    77.750      0      0      0      0      0      1      1      1      2      4      4      5
 673    78.000      0      0      0      0      0      0      0      0      0      0      0      0
 674    78.250      0      0      0      0      0      0      0      0      0      0      0      0
 675    78.500      0      0      0      0      0      0      0      0      0      0      0      0
 676    78.750      0      0      0      0      0      0      0      0      0      0      0      0
 677    79.000      0      0      0      0      0      0      0      0      0      0      1      1
 678    79.250      0      0      0      0      0      0      0      0      0      0      0      0
 679    79.500      0      0      0      0      0      0      0      0      0      0      0      0
 680    79.750      0      0      0      0      1      1      2      0      0      0      0      0
 681    80.000      0      0      0      0      0      0      0      1      1      2      4      4
 682    80.250      0      0      0      0      0      0      0      0      0      0      0      0
 683    80.500      0      0      0      0      1      2      2      1      0      0      1      3
 684    80.750      0      0      0      0      1      0      0      0      0      0      0      0
 685    81.000      0      0      0      0      0      0      0      0      0      0      0      0
 686    81.250      0      0      0      0      0      0      0      0      0      0      0      0
 687    81.500      0      0      0      0      0      0      0      0      0      0      0      0
 688    81.750      0      0      0      0      0      0      0      0      0      0      0      0
 689    82.000      0      0      0      0      1      1      1      1      0      2      2      3
 690    82.250      0      0      0      0      1      1      2      1      0      0      0      0
 691    82.500      0      0      0      0      0      0      0      1      1      2      3      5
 692    82.750      0      0      0      0      1      0      1      0      0      0      0      0
 693    83.000      0      0      0      0      0      0      0      0      0      0      0      0
 694    83.250      0      0      0      0      0      0      0      0      0      0      0      0
 695    83.500      0      0      0      0      0      0      0      0      0      0      0      0
 696    83.750      0      0      0      0      0      0      0      0      0      0      0      0
 697    84.000      0      0      0      0      0      0      0      0      0      0      0      0
 698    84.250      0      0      0      0      0      0      0      0      0      0      0      0
 699    84.500      0      0      0      0      0      0      0      0      0      0      0      0
 700    84.750      0      0      0      0      0      0      0      0      0      0      0      0
 701    85.000      0      0      0      0      0      0      0      0      0      0      0      0
 702    85.250      0      0      0      0      0      0      0      0      0      0      0      0
 703    85.500      0      0      0      0      0      0      0      0      0      0      0      0
 704    85.750      0      0      0      0      0      0      0      0      0      0      0      0
 705    86.000      0      0      0      0      0      0      0      0      0      0      0      0
 706    86.250      0      0      0      0      0      0      0      0      0      0      0      0
 707    86.500      0      0      0      0      0      0      0      0      0      0      0      0
 708    86.750      0      0      0      0      0      0      0      0      0      0      0      0
 709    87.000      0      0      0      0      0      0      0      0      0      0      0      0
 710    87.250      0      0      0      0      0      0      0      0      0      0      0      0
 711    87.500      0      0      0      0      0      0      0      0      0      0      0      0
 712    87.750      0      0      0      0      0      0      0      0      0      0      0      0
 713    88.000      0      0      0      0      0      0      0      0      0      0      0      0
 714    88.250      0      0      0      0      0      0      0      0      0      0      0      0
 715    88.500      0      0      0      0      0      0      0      0      0      0      0      0
 716    88.750      0      0      0      0      0      0      0      0      0      0      0      0
 717    89.000      0      0      0      0      0      0      0      0      0      0      0      0
 718    89.250      0      0      0      0      0      0      0      0      0      0      0      0
 719    89.500      0      0      0      0      0      0      0      0      0      0      0      0
 720    89.750      0      0      0      0      0      0      0      0      0      0      0      0
 721    90.000      0      0      0      0      0      0      0      0      0      0      0      0
 
last data file /discover/nobackup/projects/gmao/nwposse/develop/osse529/obs/Y2006/M06/D27/H12/osse529.diag_conv.20060627_12z.ods
sum of counts =    15200
