Channel Counts and Statistics
Data from  20 times
Last date and time:     20060627      180000
Last file of data: /discover/nobackup/projects/gmao/nwposse/develop/osse529/obs/Y2006/M06/D27/H18/osse529.diag_conv.20060627_18z.ods
Number of channels:  12
LatN, LatS:     90.0   -90.0
LonW, LonE:      0.0   360.0
Surface type: BOTH
 
Table 1: in, plevs, index_used, avg counts, means(omf,oma,amf), stdvs(omf,oma,amf), r=stdv(oma)/stdv(omf)
    1        0.00    0       0    0.000000    0.000000    0.000000    0.000000    0.000000    0.000000    0.000000
    2        0.00    0       0    0.000000    0.000000    0.000000    0.000000    0.000000    0.000000    0.000000
    3        0.00    0       0    0.000000    0.000000    0.000000    0.000000    0.000000    0.000000    0.000000
    4        0.00    0       0    0.000000    0.000000    0.000000    0.000000    0.000000    0.000000    0.000000
    5        0.00    0       0    0.000000    0.000000    0.000000    0.000000    0.000000    0.000000    0.000000
    6       71.43    1      33   -0.262317   -0.139149    0.123168    4.640883    3.743729    2.120164    0.806685
    7      214.29    2     608    0.007592    0.058929    0.051337    3.633375    3.080638    1.601513    0.847872
    8      357.14    3     486    0.101934    0.087082   -0.014852    2.850429    2.521421    1.072237    0.884576
    9      500.00    4     576   -0.166656   -0.128367    0.038290    2.483583    2.119377    0.881450    0.853355
   10      642.86    5     318   -0.166229   -0.107067    0.059162    2.263149    1.961990    0.716266    0.866929
   11      785.71    6     347   -0.014925   -0.026602   -0.011677    1.945965    1.704551    0.616881    0.875941
   12      928.57    7    1036    0.164530    0.096126   -0.068404    1.603110    1.355364    0.615509    0.845459
 
Table 2: Average number of obs in lat range per synop period
 
      channel=      1      2      3      4      5      6      7      8      9     10     11     12
 
   1   -90.000      0      0      0      0      0      0      0      0      0      0      0      0
   2   -89.750      0      0      0      0      0      0      0      0      0      0      0      0
   3   -89.500      0      0      0      0      0      0      0      0      0      0      0      0
   4   -89.250      0      0      0      0      0      0      0      0      0      0      0      0
   5   -89.000      0      0      0      0      0      0      0      0      0      0      0      0
   6   -88.750      0      0      0      0      0      0      0      0      0      0      0      0
   7   -88.500      0      0      0      0      0      0      0      0      0      0      0      0
   8   -88.250      0      0      0      0      0      0      0      0      0      0      0      0
   9   -88.000      0      0      0      0      0      0      0      0      0      0      0      0
  10   -87.750      0      0      0      0      0      0      0      0      0      0      0      0
  11   -87.500      0      0      0      0      0      0      0      0      0      0      0      0
  12   -87.250      0      0      0      0      0      0      0      0      0      0      0      0
  13   -87.000      0      0      0      0      0      0      0      0      0      0      0      0
  14   -86.750      0      0      0      0      0      0      0      0      0      0      0      0
  15   -86.500      0      0      0      0      0      0      0      0      0      0      0      0
  16   -86.250      0      0      0      0      0      0      0      0      0      0      0      0
  17   -86.000      0      0      0      0      0      0      0      0      0      0      0      0
  18   -85.750      0      0      0      0      0      0      0      0      0      0      0      0
  19   -85.500      0      0      0      0      0      0      0      0      0      0      0      0
  20   -85.250      0      0      0      0      0      0      0      0      0      0      0      0
  21   -85.000      0      0      0      0      0      0      0      0      0      0      0      0
  22   -84.750      0      0      0      0      0      0      0      0      0      0      0      0
  23   -84.500      0      0      0      0      0      0      0      0      0      0      0      0
  24   -84.250      0      0      0      0      0      0      0      0      0      0      0      0
  25   -84.000      0      0      0      0      0      0      0      0      0      0      0      0
  26   -83.750      0      0      0      0      0      0      0      0      0      0      0      0
  27   -83.500      0      0      0      0      0      0      0      0      0      0      0      0
  28   -83.250      0      0      0      0      0      0      0      0      0      0      0      0
  29   -83.000      0      0      0      0      0      0      0      0      0      0      0      0
  30   -82.750      0      0      0      0      0      0      0      0      0      0      0      0
  31   -82.500      0      0      0      0      0      0      0      0      0      0      0      0
  32   -82.250      0      0      0      0      0      0      0      0      0      0      0      0
  33   -82.000      0      0      0      0      0      0      0      0      0      0      0      0
  34   -81.750      0      0      0      0      0      0      0      0      0      0      0      0
  35   -81.500      0      0      0      0      0      0      0      0      0      0      0      0
  36   -81.250      0      0      0      0      0      0      0      0      0      0      0      0
  37   -81.000      0      0      0      0      0      0      0      0      0      0      0      0
  38   -80.750      0      0      0      0      0      0      0      0      0      0      0      0
  39   -80.500      0      0      0      0      0      0      0      0      0      0      0      0
  40   -80.250      0      0      0      0      0      0      0      0      0      0      0      0
  41   -80.000      0      0      0      0      0      0      0      0      0      0      0      0
  42   -79.750      0      0      0      0      0      0      0      0      0      0      0      0
  43   -79.500      0      0      0      0      0      0      0      0      0      0      0      0
  44   -79.250      0      0      0      0      0      0      0      0      0      0      0      0
  45   -79.000      0      0      0      0      0      0      0      0      0      0      0      0
  46   -78.750      0      0      0      0      0      0      0      0      0      0      0      0
  47   -78.500      0      0      0      0      0      0      0      0      0      0      0      0
  48   -78.250      0      0      0      0      0      0      0      0      0      0      0      0
  49   -78.000      0      0      0      0      0      0      0      0      0      0      0      0
  50   -77.750      0      0      0      0      0      0      0      0      0      0      0      0
  51   -77.500      0      0      0      0      0      0      0      0      0      0      0      0
  52   -77.250      0      0      0      0      0      0      0      0      0      0      0      0
  53   -77.000      0      0      0      0      0      0      0      0      0      0      0      0
  54   -76.750      0      0      0      0      0      0      0      0      0      0      0      0
  55   -76.500      0      0      0      0      0      0      0      0      0      0      0      0
  56   -76.250      0      0      0      0      0      0      0      0      0      0      0      0
  57   -76.000      0      0      0      0      0      0      0      0      0      0      0      0
  58   -75.750      0      0      0      0      0      0      0      0      0      0      0      0
  59   -75.500      0      0      0      0      0      0      0      0      0      0      0      0
  60   -75.250      0      0      0      0      0      0      0      0      0      0      0      0
  61   -75.000      0      0      0      0      0      0      0      0      0      0      0      0
  62   -74.750      0      0      0      0      0      0      0      0      0      0      0      0
  63   -74.500      0      0      0      0      0      0      0      0      0      0      0      0
  64   -74.250      0      0      0      0      0      0      0      0      0      0      0      0
  65   -74.000      0      0      0      0      0      0      0      0      0      0      0      0
  66   -73.750      0      0      0      0      0      0      0      0      0      0      0      0
  67   -73.500      0      0      0      0      0      0      0      0      0      0      0      0
  68   -73.250      0      0      0      0      0      0      0      0      0      0      0      0
  69   -73.000      0      0      0      0      0      0      0      0      0      0      0      0
  70   -72.750      0      0      0      0      0      0      0      0      0      0      0      0
  71   -72.500      0      0      0      0      0      0      0      0      0      0      0      0
  72   -72.250      0      0      0      0      0      0      0      0      0      0      0      0
  73   -72.000      0      0      0      0      0      0      0      0      0      0      0      0
  74   -71.750      0      0      0      0      0      0      0      0      0      0      0      0
  75   -71.500      0      0      0      0      0      0      0      0      0      0      0      0
  76   -71.250      0      0      0      0      0      0      0      0      0      0      0      0
  77   -71.000      0      0      0      0      0      0      0      0      0      0      0      0
  78   -70.750      0      0      0      0      0      0      0      0      0      0      0      0
  79   -70.500      0      0      0      0      0      0      0      0      0      0      0      0
  80   -70.250      0      0      0      0      0      0      0      0      0      0      0      0
  81   -70.000      0      0      0      0      0      0      0      0      0      0      0      0
  82   -69.750      0      0      0      0      0      0      0      0      0      0      0      0
  83   -69.500      0      0      0      0      0      0      0      0      0      0      0      0
  84   -69.250      0      0      0      0      0      0      0      0      0      0      0      0
  85   -69.000      0      0      0      0      0      0      0      0      0      0      0      0
  86   -68.750      0      0      0      0      0      0      0      0      0      0      0      0
  87   -68.500      0      0      0      0      0      0      0      0      0      0      0      0
  88   -68.250      0      0      0      0      0      0      0      0      0      0      0      0
  89   -68.000      0      0      0      0      0      0      0      0      0      0      0      0
  90   -67.750      0      0      0      0      0      0      0      0      0      0      0      0
  91   -67.500      0      0      0      0      0      0      0      0      0      0      0      0
  92   -67.250      0      0      0      0      0      0      0      0      0      0      0      0
  93   -67.000      0      0      0      0      0      0      0      0      0      0      0      0
  94   -66.750      0      0      0      0      0      0      0      0      0      0      0      0
  95   -66.500      0      0      0      0      0      0      0      0      0      0      0      0
  96   -66.250      0      0      0      0      0      0      0      0      0      0      0      0
  97   -66.000      0      0      0      0      0      0      0      0      0      0      0      0
  98   -65.750      0      0      0      0      0      0      0      0      0      0      0      0
  99   -65.500      0      0      0      0      0      0      0      0      0      0      0      0
 100   -65.250      0      0      0      0      0      0      0      0      0      0      0      0
 101   -65.000      0      0      0      0      0      0      0      0      0      0      0      0
 102   -64.750      0      0      0      0      0      0      0      0      0      0      0      0
 103   -64.500      0      0      0      0      0      0      0      0      0      0      0      0
 104   -64.250      0      0      0      0      0      0      0      0      0      0      0      0
 105   -64.000      0      0      0      0      0      0      0      0      0      0      0      0
 106   -63.750      0      0      0      0      0      0      0      0      0      0      0      0
 107   -63.500      0      0      0      0      0      0      0      0      0      0      0      0
 108   -63.250      0      0      0      0      0      0      0      0      0      0      0      0
 109   -63.000      0      0      0      0      0      0      0      0      0      0      0      0
 110   -62.750      0      0      0      0      0      0      0      0      0      0      0      0
 111   -62.500      0      0      0      0      0      0      0      0      0      0      0      0
 112   -62.250      0      0      0      0      0      0      0      0      0      0      0      0
 113   -62.000      0      0      0      0      0      0      0      0      0      0      0      0
 114   -61.750      0      0      0      0      0      0      0      0      0      0      0      0
 115   -61.500      0      0      0      0      0      0      0      0      0      0      0      0
 116   -61.250      0      0      0      0      0      0      0      0      0      0      0      0
 117   -61.000      0      0      0      0      0      0      0      0      0      0      0      0
 118   -60.750      0      0      0      0      0      0      0      0      0      0      0      0
 119   -60.500      0      0      0      0      0      0      0      0      0      0      0      0
 120   -60.250      0      0      0      0      0      0      0      0      0      0      0      0
 121   -60.000      0      0      0      0      0      0      0      0      0      0      0      0
 122   -59.750      0      0      0      0      0      0      0      0      0      0      0      0
 123   -59.500      0      0      0      0      0      0      0      0      0      0      0      0
 124   -59.250      0      0      0      0      0      0      0      0      0      0      0      0
 125   -59.000      0      0      0      0      0      0      0      0      0      0      0      0
 126   -58.750      0      0      0      0      0      0      0      0      0      0      0      0
 127   -58.500      0      0      0      0      0      0      0      0      0      0      0      0
 128   -58.250      0      0      0      0      0      0      0      0      0      0      0      0
 129   -58.000      0      0      0      0      0      0      0      0      0      0      0      0
 130   -57.750      0      0      0      0      0      0      0      0      0      0      0      0
 131   -57.500      0      0      0      0      0      0      0      0      0      0      0      0
 132   -57.250      0      0      0      0      0      0      0      0      0      0      0      0
 133   -57.000      0      0      0      0      0      0      0      0      0      0      0      0
 134   -56.750      0      0      0      0      0      0      0      0      0      0      0      0
 135   -56.500      0      0      0      0      0      0      0      0      0      0      0      0
 136   -56.250      0      0      0      0      0      0      0      0      0      0      0      0
 137   -56.000      0      0      0      0      0      0      0      0      0      0      0      0
 138   -55.750      0      0      0      0      0      0      0      0      0      0      0      0
 139   -55.500      0      0      0      0      0      0      0      0      0      0      0      0
 140   -55.250      0      0      0      0      0      0      0      0      0      0      0      0
 141   -55.000      0      0      0      0      0      0      0      0      0      0      0      0
 142   -54.750      0      0      0      0      0      0      0      0      0      0      0      0
 143   -54.500      0      0      0      0      0      0      0      0      0      0      0      0
 144   -54.250      0      0      0      0      0      0      0      0      0      0      0      0
 145   -54.000      0      0      0      0      0      0      0      0      0      0      0      0
 146   -53.750      0      0      0      0      0      0      0      0      0      0      0      0
 147   -53.500      0      0      0      0      0      0      0      0      0      0      0      0
 148   -53.250      0      0      0      0      0      0      0      0      0      0      0      0
 149   -53.000      0      0      0      0      0      0      0      0      0      0      0      0
 150   -52.750      0      0      0      0      0      0      0      0      0      0      0      0
 151   -52.500      0      0      0      0      0      0      0      0      0      0      0      0
 152   -52.250      0      0      0      0      0      0      0      1      1      0      0      1
 153   -52.000      0      0      0      0      0      0      0      0      0      0      0      0
 154   -51.750      0      0      0      0      0      0      0      0      0      0      0      0
 155   -51.500      0      0      0      0      0      0      0      0      0      0      0      0
 156   -51.250      0      0      0      0      0      0      0      0      0      0      0      0
 157   -51.000      0      0      0      0      0      0      0      1      1      0      0      1
 158   -50.750      0      0      0      0      0      0      0      0      0      0      0      0
 159   -50.500      0      0      0      0      0      0      0      1      0      0      0      1
 160   -50.250      0      0      0      0      0      0      0      0      0      0      0      0
 161   -50.000      0      0      0      0      0      0      0      0      0      0      0      0
 162   -49.750      0      0      0      0      0      0      0      0      1      0      0      1
 163   -49.500      0      0      0      0      0      0      0      0      0      0      0      0
 164   -49.250      0      0      0      0      0      0      0      1      1      0      0      1
 165   -49.000      0      0      0      0      0      0      0      0      0      0      0      1
 166   -48.750      0      0      0      0      0      0      0      0      0      0      0      1
 167   -48.500      0      0      0      0      0      0      0      0      0      0      0      0
 168   -48.250      0      0      0      0      0      0      0      0      0      0      0      0
 169   -48.000      0      0      0      0      0      0      0      0      0      0      0      0
 170   -47.750      0      0      0      0      0      0      0      0      0      0      0      0
 171   -47.500      0      0      0      0      0      0      0      0      0      0      0      1
 172   -47.250      0      0      0      0      0      0      0      0      0      0      0      0
 173   -47.000      0      0      0      0      0      0      0      1      1      0      0      1
 174   -46.750      0      0      0      0      0      0      0      0      0      0      0      1
 175   -46.500      0      0      0      0      0      0      0      0      0      0      0      0
 176   -46.250      0      0      0      0      0      0      0      0      0      1      0      1
 177   -46.000      0      0      0      0      0      0      0      0      1      0      0      1
 178   -45.750      0      0      0      0      0      0      0      0      1      0      0      1
 179   -45.500      0      0      0      0      0      0      0      1      0      0      0      1
 180   -45.250      0      0      0      0      0      0      0      1      1      1      1      2
 181   -45.000      0      0      0      0      0      0      0      0      0      0      0      0
 182   -44.750      0      0      0      0      0      0      0      1      1      0      0      1
 183   -44.500      0      0      0      0      0      0      0      0      0      0      0      0
 184   -44.250      0      0      0      0      0      0      0      1      0      1      1      1
 185   -44.000      0      0      0      0      0      0      0      0      0      0      0      1
 186   -43.750      0      0      0      0      0      0      0      1      1      1      1      2
 187   -43.500      0      0      0      0      0      0      0      0      1      0      0      1
 188   -43.250      0      0      0      0      0      0      0      1      1      0      0      2
 189   -43.000      0      0      0      0      0      0      0      0      0      0      0      1
 190   -42.750      0      0      0      0      0      0      0      0      1      1      0      1
 191   -42.500      0      0      0      0      0      0      0      0      0      0      0      0
 192   -42.250      0      0      0      0      0      0      0      1      1      1      0      1
 193   -42.000      0      0      0      0      0      0      0      1      1      0      0      1
 194   -41.750      0      0      0      0      0      0      0      1      1      1      1      3
 195   -41.500      0      0      0      0      0      0      0      1      1      0      0      1
 196   -41.250      0      0      0      0      0      0      0      1      1      1      0      1
 197   -41.000      0      0      0      0      0      0      0      0      0      0      0      1
 198   -40.750      0      0      0      0      0      0      0      1      1      1      1      1
 199   -40.500      0      0      0      0      0      0      0      0      1      1      0      1
 200   -40.250      0      0      0      0      0      0      0      1      0      1      1      2
 201   -40.000      0      0      0      0      0      0      0      1      1      1      1      3
 202   -39.750      0      0      0      0      0      0      0      1      1      1      1      2
 203   -39.500      0      0      0      0      0      0      0      1      1      1      1      2
 204   -39.250      0      0      0      0      0      0      0      1      0      1      1      2
 205   -39.000      0      0      0      0      0      0      0      1      1      1      1      2
 206   -38.750      0      0      0      0      0      0      0      0      0      0      1      1
 207   -38.500      0      0      0      0      0      0      0      1      1      0      1      2
 208   -38.250      0      0      0      0      0      0      0      1      1      1      0      2
 209   -38.000      0      0      0      0      0      0      0      1      0      1      1      2
 210   -37.750      0      0      0      0      0      0      0      0      1      1      1      2
 211   -37.500      0      0      0      0      0      0      0      1      0      0      2      1
 212   -37.250      0      0      0      0      0      0      0      0      1      1      0      1
 213   -37.000      0      0      0      0      0      0      0      0      0      1      1      2
 214   -36.750      0      0      0      0      0      0      0      0      0      1      1      2
 215   -36.500      0      0      0      0      0      0      0      0      0      1      1      1
 216   -36.250      0      0      0      0      0      0      0      0      0      1      2      3
 217   -36.000      0      0      0      0      0      0      0      0      0      1      1      2
 218   -35.750      0      0      0      0      0      0      0      0      0      1      2      2
 219   -35.500      0      0      0      0      0      0      0      0      0      1      2      2
 220   -35.250      0      0      0      0      0      0      0      0      0      1      1      2
 221   -35.000      0      0      0      0      0      0      0      0      0      1      1      1
 222   -34.750      0      0      0      0      0      0      0      0      0      0      1      2
 223   -34.500      0      0      0      0      0      0      0      1      0      0      1      2
 224   -34.250      0      0      0      0      0      0      0      0      0      1      1      2
 225   -34.000      0      0      0      0      0      0      0      0      0      0      1      2
 226   -33.750      0      0      0      0      0      0      0      0      0      1      1      2
 227   -33.500      0      0      0      0      0      0      0      0      0      1      1      2
 228   -33.250      0      0      0      0      0      0      0      0      0      1      1      2
 229   -33.000      0      0      0      0      0      0      0      0      0      1      1      2
 230   -32.750      0      0      0      0      0      0      0      0      0      1      1      2
 231   -32.500      0      0      0      0      0      0      0      0      0      1      1      2
 232   -32.250      0      0      0      0      0      0      0      0      0      1      1      2
 233   -32.000      0      0      0      0      0      0      0      0      0      1      1      1
 234   -31.750      0      0      0      0      0      0      0      0      0      0      1      2
 235   -31.500      0      0      0      0      0      0      0      0      0      1      1      2
 236   -31.250      0      0      0      0      0      0      0      0      0      1      1      2
 237   -31.000      0      0      0      0      0      0      0      0      0      1      1      2
 238   -30.750      0      0      0      0      0      0      0      0      0      1      1      2
 239   -30.500      0      0      0      0      0      0      0      0      0      1      1      2
 240   -30.250      0      0      0      0      0      0      0      0      0      1      1      2
 241   -30.000      0      0      0      0      0      0      0      0      0      1      1      2
 242   -29.750      0      0      0      0      0      0      0      0      0      1      0      2
 243   -29.500      0      0      0      0      0      0      0      0      0      0      1      2
 244   -29.250      0      0      0      0      0      0      0      0      0      1      1      2
 245   -29.000      0      0      0      0      0      0      0      0      0      1      1      1
 246   -28.750      0      0      0      0      0      0      0      0      0      0      2      2
 247   -28.500      0      0      0      0      0      0      0      0      0      1      1      1
 248   -28.250      0      0      0      0      0      0      0      0      0      0      1      2
 249   -28.000      0      0      0      0      0      0      0      0      0      0      1      1
 250   -27.750      0      0      0      0      0      0      0      0      0      0      1      2
 251   -27.500      0      0      0      0      0      0      0      0      0      0      1      2
 252   -27.250      0      0      0      0      0      0      0      0      0      0      1      2
 253   -27.000      0      0      0      0      0      0      0      0      0      0      2      2
 254   -26.750      0      0      0      0      0      0      0      0      0      0      1      2
 255   -26.500      0      0      0      0      0      0      0      0      0      0      1      2
 256   -26.250      0      0      0      0      0      0      0      0      0      0      0      3
 257   -26.000      0      0      0      0      0      0      0      0      0      0      1      1
 258   -25.750      0      0      0      0      0      0      0      0      0      0      1      2
 259   -25.500      0      0      0      0      0      0      0      0      0      0      1      2
 260   -25.250      0      0      0      0      0      0      0      0      0      0      1      3
 261   -25.000      0      0      0      0      0      0      0      0      0      0      1      2
 262   -24.750      0      0      0      0      0      0      0      0      0      0      1      1
 263   -24.500      0      0      0      0      0      0      0      0      0      0      1      2
 264   -24.250      0      0      0      0      0      0      0      0      0      0      0      1
 265   -24.000      0      0      0      0      0      0      0      0      0      0      1      1
 266   -23.750      0      0      0      0      0      0      0      0      0      0      1      2
 267   -23.500      0      0      0      0      0      0      0      0      0      0      1      2
 268   -23.250      0      0      0      0      0      0      0      0      0      0      0      2
 269   -23.000      0      0      0      0      0      0      0      0      0      0      0      2
 270   -22.750      0      0      0      0      0      0      0      0      0      0      1      2
 271   -22.500      0      0      0      0      0      0      0      0      0      0      1      2
 272   -22.250      0      0      0      0      0      0      0      0      0      0      0      2
 273   -22.000      0      0      0      0      0      0      0      0      0      0      1      1
 274   -21.750      0      0      0      0      0      0      0      0      0      0      0      2
 275   -21.500      0      0      0      0      0      0      0      0      0      0      1      2
 276   -21.250      0      0      0      0      0      0      0      0      0      0      1      2
 277   -21.000      0      0      0      0      0      0      0      0      0      0      0      3
 278   -20.750      0      0      0      0      0      0      0      0      0      0      0      1
 279   -20.500      0      0      0      0      0      0      0      0      0      0      0      1
 280   -20.250      0      0      0      0      0      0      0      0      0      0      0      2
 281   -20.000      0      0      0      0      0      0      0      0      0      0      0      3
 282   -19.750      0      0      0      0      0      0      0      0      0      0      0      2
 283   -19.500      0      0      0      0      0      0      0      0      0      0      0      2
 284   -19.250      0      0      0      0      0      0      0      0      0      0      0      2
 285   -19.000      0      0      0      0      0      0      0      0      0      0      0      2
 286   -18.750      0      0      0      0      0      0      0      0      0      0      0      2
 287   -18.500      0      0      0      0      0      0      0      0      0      0      0      3
 288   -18.250      0      0      0      0      0      0      0      0      0      0      0      4
 289   -18.000      0      0      0      0      0      0      0      0      0      0      0      3
 290   -17.750      0      0      0      0      0      0      0      0      0      0      0      4
 291   -17.500      0      0      0      0      0      0      0      0      0      0      0      3
 292   -17.250      0      0      0      0      0      0      0      0      0      0      0      3
 293   -17.000      0      0      0      0      0      0      0      0      0      0      0      4
 294   -16.750      0      0      0      0      0      0      0      0      0      0      0      4
 295   -16.500      0      0      0      0      0      0      0      0      0      0      1      4
 296   -16.250      0      0      0      0      0      0      0      0      0      0      0      4
 297   -16.000      0      0      0      0      0      0      0      0      0      0      1      5
 298   -15.750      0      0      0      0      0      0      0      0      0      0      0      4
 299   -15.500      0      0      0      0      0      0      0      0      0      0      1      4
 300   -15.250      0      0      0      0      0      0      0      0      0      0      0      4
 301   -15.000      0      0      0      0      0      0      0      0      0      0      0      4
 302   -14.750      0      0      0      0      0      0      0      0      0      0      0      4
 303   -14.500      0      0      0      0      0      0      0      0      0      0      0      4
 304   -14.250      0      0      0      0      0      0      1      0      0      0      1      4
 305   -14.000      0      0      0      0      0      0      0      0      0      0      0      4
 306   -13.750      0      0      0      0      0      0      0      0      0      0      0      4
 307   -13.500      0      0      0      0      0      0      0      0      0      0      1      3
 308   -13.250      0      0      0      0      0      0      0      0      1      0      1      4
 309   -13.000      0      0      0      0      0      0      0      0      1      0      0      4
 310   -12.750      0      0      0      0      0      0      1      0      0      0      0      5
 311   -12.500      0      0      0      0      0      0      1      0      1      0      1      5
 312   -12.250      0      0      0      0      0      0      0      0      1      0      1      4
 313   -12.000      0      0      0      0      0      0      0      0      0      0      1      5
 314   -11.750      0      0      0      0      0      0      1      0      1      0      0      3
 315   -11.500      0      0      0      0      0      0      1      0      1      0      0      4
 316   -11.250      0      0      0      0      0      0      1      0      1      0      0      5
 317   -11.000      0      0      0      0      0      0      2      1      2      0      1      5
 318   -10.750      0      0      0      0      0      0      2      1      1      0      1      6
 319   -10.500      0      0      0      0      0      0      1      0      1      0      0      3
 320   -10.250      0      0      0      0      0      0      1      0      1      0      0      4
 321   -10.000      0      0      0      0      0      0      1      0      1      0      0      3
 322    -9.750      0      0      0      0      0      0      2      1      1      0      1      4
 323    -9.500      0      0      0      0      0      0      2      1      1      0      0      3
 324    -9.250      0      0      0      0      0      0      2      1      2      0      0      2
 325    -9.000      0      0      0      0      0      0      2      0      1      0      0      4
 326    -8.750      0      0      0      0      0      0      2      1      2      0      1      5
 327    -8.500      0      0      0      0      0      0      2      1      1      0      0      3
 328    -8.250      0      0      0      0      0      0      1      1      1      0      0      2
 329    -8.000      0      0      0      0      0      0      2      0      2      0      1      1
 330    -7.750      0      0      0      0      0      0      2      1      2      0      0      2
 331    -7.500      0      0      0      0      0      0      2      1      2      0      1      2
 332    -7.250      0      0      0      0      0      0      2      1      3      0      1      4
 333    -7.000      0      0      0      0      0      0      2      1      2      0      1      2
 334    -6.750      0      0      0      0      0      0      1      1      2      0      0      1
 335    -6.500      0      0      0      0      0      0      2      1      1      0      0      3
 336    -6.250      0      0      0      0      0      0      2      1      2      0      0      3
 337    -6.000      0      0      0      0      0      0      2      1      1      0      1      3
 338    -5.750      0      0      0      0      0      0      4      1      3      0      0      3
 339    -5.500      0      0      0      0      0      0      1      1      2      0      0      2
 340    -5.250      0      0      0      0      0      0      2      1      3      0      0      2
 341    -5.000      0      0      0      0      0      0      3      2      2      0      0      3
 342    -4.750      0      0      0      0      0      0      2      1      2      0      0      3
 343    -4.500      0      0      0      0      0      0      2      1      2      0      0      3
 344    -4.250      0      0      0      0      0      0      1      1      1      0      0      2
 345    -4.000      0      0      0      0      0      0      2      1      3      0      0      2
 346    -3.750      0      0      0      0      0      0      3      1      2      0      0      2
 347    -3.500      0      0      0      0      0      0      3      2      2      0      0      3
 348    -3.250      0      0      0      0      0      0      2      1      2      0      1      2
 349    -3.000      0      0      0      0      0      0      2      2      1      0      0      1
 350    -2.750      0      0      0      0      0      0      1      1      2      0      0      2
 351    -2.500      0      0      0      0      0      0      3      1      2      0      0      2
 352    -2.250      0      0      0      0      0      0      3      1      3      0      1      2
 353    -2.000      0      0      0      0      0      0      5      2      4      0      1      3
 354    -1.750      0      0      0      0      0      0      2      1      3      0      0      3
 355    -1.500      0      0      0      0      0      0      2      0      1      0      0      1
 356    -1.250      0      0      0      0      0      0      3      1      2      0      0      2
 357    -1.000      0      0      0      0      0      0      2      2      4      1      1      3
 358    -0.750      0      0      0      0      0      0      3      2      4      1      1      3
 359    -0.500      0      0      0      0      0      0      3      2      4      1      1      3
 360    -0.250      0      0      0      0      0      0      0      0      0      0      0      0
 361     0.000      0      0      0      0      0      0      4      3      4      1      1      3
 362     0.250      0      0      0      0      0      0      4      3      5      1      1      3
 363     0.500      0      0      0      0      0      0      4      3      4      1      0      3
 364     0.750      0      0      0      0      0      0      2      1      2      0      0      1
 365     1.000      0      0      0      0      0      0      2      0      0      0      0      1
 366     1.250      0      0      0      0      0      0      3      2      4      1      1      3
 367     1.500      0      0      0      0      0      0      3      2      3      1      1      3
 368     1.750      0      0      0      0      0      0      4      3      4      1      0      2
 369     2.000      0      0      0      0      0      0      3      2      4      0      1      2
 370     2.250      0      0      0      0      0      0      2      1      1      0      0      1
 371     2.500      0      0      0      0      0      0      3      2      4      1      0      3
 372     2.750      0      0      0      0      0      0      3      2      3      0      0      2
 373     3.000      0      0      0      0      0      0      2      2      3      0      0      2
 374     3.250      0      0      0      0      0      0      4      2      3      0      0      3
 375     3.500      0      0      0      0      0      0      3      1      3      0      0      2
 376     3.750      0      0      0      0      0      0      3      2      3      0      0      1
 377     4.000      0      0      0      0      0      0      3      1      4      0      0      3
 378     4.250      0      0      0      0      0      0      3      3      3      0      0      2
 379     4.500      0      0      0      0      0      0      3      2      3      0      0      1
 380     4.750      0      0      0      0      0      0      3      2      3      0      0      2
 381     5.000      0      0      0      0      0      0      2      2      2      0      0      1
 382     5.250      0      0      0      0      0      0      4      2      2      0      0      3
 383     5.500      0      0      0      0      0      0      4      2      3      1      0      3
 384     5.750      0      0      0      0      0      0      3      2      3      0      0      2
 385     6.000      0      0      0      0      0      0      2      2      3      0      0      2
 386     6.250      0      0      0      0      0      0      2      1      2      0      0      1
 387     6.500      0      0      0      0      0      0      3      3      3      0      0      2
 388     6.750      0      0      0      0      0      0      4      2      3      1      0      2
 389     7.000      0      0      0      0      0      0      4      2      3      0      0      3
 390     7.250      0      0      0      0      0      0      4      2      2      1      0      2
 391     7.500      0      0      0      0      0      0      2      2      2      0      0      2
 392     7.750      0      0      0      0      0      0      3      3      4      0      0      2
 393     8.000      0      0      0      0      0      0      3      1      3      0      0      2
 394     8.250      0      0      0      0      0      0      2      2      3      1      0      2
 395     8.500      0      0      0      0      0      0      3      2      2      0      0      2
 396     8.750      0      0      0      0      0      0      3      2      2      0      0      2
 397     9.000      0      0      0      0      0      0      4      3      3      1      0      3
 398     9.250      0      0      0      0      0      0      3      3      2      0      0      2
 399     9.500      0      0      0      0      0      0      4      2      2      0      0      3
 400     9.750      0      0      0      0      0      0      2      2      2      0      0      2
 401    10.000      0      0      0      0      0      0      2      1      2      0      0      2
 402    10.250      0      0      0      0      0      0      3      2      3      0      0      4
 403    10.500      0      0      0      0      0      0      3      1      1      1      0      3
 404    10.750      0      0      0      0      0      0      4      1      2      0      0      3
 405    11.000      0      0      0      0      0      0      3      2      2      0      0      3
 406    11.250      0      0      0      0      0      0      1      1      2      0      0      3
 407    11.500      0      0      0      0      0      0      3      1      1      0      0      3
 408    11.750      0      0      0      0      0      0      2      1      1      0      0      3
 409    12.000      0      0      0      0      0      0      3      1      1      0      0      4
 410    12.250      0      0      0      0      0      0      2      1      1      0      1      3
 411    12.500      0      0      0      0      0      0      3      0      1      0      0      5
 412    12.750      0      0      0      0      0      0      3      1      0      0      0      4
 413    13.000      0      0      0      0      0      0      4      1      1      0      0      3
 414    13.250      0      0      0      0      0      0      2      1      1      0      0      4
 415    13.500      0      0      0      0      0      0      1      1      1      0      0      3
 416    13.750      0      0      0      0      0      0      3      1      1      0      0      3
 417    14.000      0      0      0      0      0      0      3      1      1      0      0      5
 418    14.250      0      0      0      0      0      0      3      1      1      0      0      5
 419    14.500      0      0      0      0      0      0      3      1      1      0      1      3
 420    14.750      0      0      0      0      0      0      2      0      0      0      1      4
 421    15.000      0      0      0      0      0      0      2      0      1      0      0      4
 422    15.250      0      0      0      0      0      0      2      1      1      0      0      3
 423    15.500      0      0      0      0      0      0      2      1      1      0      0      3
 424    15.750      0      0      0      0      0      0      1      1      1      0      1      4
 425    16.000      0      0      0      0      0      0      3      1      2      1      1      6
 426    16.250      0      0      0      0      0      0      3      0      1      1      1      5
 427    16.500      0      0      0      0      0      0      1      1      1      0      1      4
 428    16.750      0      0      0      0      0      0      1      1      1      1      0      4
 429    17.000      0      0      0      0      0      0      2      1      1      1      1      4
 430    17.250      0      0      0      0      0      0      1      1      1      1      1      5
 431    17.500      0      0      0      0      0      0      1      1      1      1      1      4
 432    17.750      0      0      0      0      0      0      1      0      1      1      1      4
 433    18.000      0      0      0      0      0      0      2      1      2      1      1      4
 434    18.250      0      0      0      0      0      0      3      1      1      1      1      5
 435    18.500      0      0      0      0      0      0      1      1      2      1      1      4
 436    18.750      0      0      0      0      0      0      1      1      1      1      0      3
 437    19.000      0      0      0      0      0      0      1      1      2      2      1      5
 438    19.250      0      0      0      0      0      0      1      1      2      2      1      5
 439    19.500      0      0      0      0      0      0      1      1      2      1      0      4
 440    19.750      0      0      0      0      0      0      2      1      1      1      0      4
 441    20.000      0      0      0      0      0      0      2      1      2      2      1      5
 442    20.250      0      0      0      0      0      0      2      1      2      2      1      3
 443    20.500      0      0      0      0      0      0      1      1      1      1      1      3
 444    20.750      0      0      0      0      0      0      1      1      1      0      0      3
 445    21.000      0      0      0      0      0      0      2      1      2      1      0      3
 446    21.250      0      0      0      0      0      0      1      1      1      1      0      5
 447    21.500      0      0      0      0      0      0      1      0      1      1      0      4
 448    21.750      0      0      0      0      0      0      2      0      2      1      1      4
 449    22.000      0      0      0      0      0      0      2      1      1      2      0      3
 450    22.250      0      0      0      0      0      0      1      0      1      1      0      3
 451    22.500      0      0      0      0      0      0      1      0      0      0      0      2
 452    22.750      0      0      0      0      0      0      2      0      1      2      0      3
 453    23.000      0      0      0      0      0      0      1      0      1      1      0      3
 454    23.250      0      0      0      0      0      0      2      0      1      1      0      2
 455    23.500      0      0      0      0      0      0      2      0      1      1      0      3
 456    23.750      0      0      0      0      0      0      2      0      1      1      0      2
 457    24.000      0      0      0      0      0      0      2      0      1      1      0      2
 458    24.250      0      0      0      0      0      0      1      0      1      0      1      1
 459    24.500      0      0      0      0      0      0      2      0      1      1      0      2
 460    24.750      0      0      0      0      0      0      2      0      1      0      0      2
 461    25.000      0      0      0      0      0      0      2      0      0      1      0      2
 462    25.250      0      0      0      0      0      0      2      1      1      0      0      2
 463    25.500      0      0      0      0      0      0      2      1      2      0      0      2
 464    25.750      0      0      0      0      0      0      1      1      1      0      0      2
 465    26.000      0      0      0      0      0      0      1      0      1      0      0      2
 466    26.250      0      0      0      0      0      0      1      1      1      0      0      3
 467    26.500      0      0      0      0      0      0      1      1      1      0      0      2
 468    26.750      0      0      0      0      0      0      1      1      2      1      0      2
 469    27.000      0      0      0      0      0      0      2      1      2      1      0      3
 470    27.250      0      0      0      0      0      0      2      1      2      1      0      2
 471    27.500      0      0      0      0      0      0      1      1      1      0      0      2
 472    27.750      0      0      0      0      0      0      1      1      1      0      0      3
 473    28.000      0      0      0      0      0      0      1      1      1      1      0      2
 474    28.250      0      0      0      0      0      0      1      1      1      0      0      3
 475    28.500      0      0      0      0      0      0      2      1      2      1      1      3
 476    28.750      0      0      0      0      0      0      1      2      1      0      0      3
 477    29.000      0      0      0      0      0      0      1      1      1      0      0      2
 478    29.250      0      0      0      0      0      0      2      1      2      1      1      3
 479    29.500      0      0      0      0      0      0      1      1      1      0      1      2
 480    29.750      0      0      0      0      0      0      1      1      1      0      0      1
 481    30.000      0      0      0      0      0      0      1      2      1      0      0      2
 482    30.250      0      0      0      0      0      0      1      1      2      0      0      2
 483    30.500      0      0      0      0      0      0      2      2      1      0      0      3
 484    30.750      0      0      0      0      0      0      2      2      1      0      0      2
 485    31.000      0      0      0      0      0      0      1      1      1      0      0      1
 486    31.250      0      0      0      0      0      0      1      1      1      0      0      2
 487    31.500      0      0      0      0      0      0      1      1      1      1      1      2
 488    31.750      0      0      0      0      0      0      1      1      1      0      0      1
 489    32.000      0      0      0      0      0      0      2      2      2      0      1      2
 490    32.250      0      0      0      0      0      0      2      2      3      1      1      2
 491    32.500      0      0      0      0      0      0      2      2      1      0      1      2
 492    32.750      0      0      0      0      0      0      2      2      2      1      1      2
 493    33.000      0      0      0      0      0      0      1      1      1      0      0      1
 494    33.250      0      0      0      0      0      0      1      1      1      0      0      1
 495    33.500      0      0      0      0      0      0      2      2      1      0      0      1
 496    33.750      0      0      0      0      0      0      2      1      1      0      0      1
 497    34.000      0      0      0      0      0      0      3      1      1      0      0      1
 498    34.250      0      0      0      0      0      0      2      1      1      0      0      1
 499    34.500      0      0      0      0      0      0      2      2      1      0      0      1
 500    34.750      0      0      0      0      0      0      1      2      1      0      0      1
 501    35.000      0      0      0      0      0      0      2      1      0      0      0      1
 502    35.250      0      0      0      0      0      0      3      2      0      0      0      2
 503    35.500      0      0      0      0      0      0      2      2      0      0      0      1
 504    35.750      0      0      0      0      0      0      4      3      1      0      0      1
 505    36.000      0      0      0      0      0      0      2      2      1      0      0      1
 506    36.250      0      0      0      0      0      0      1      2      1      0      0      1
 507    36.500      0      0      0      0      0      0      2      2      1      0      0      1
 508    36.750      0      0      0      0      0      0      1      1      0      0      0      0
 509    37.000      0      0      0      0      0      0      2      1      1      0      0      1
 510    37.250      0      0      0      0      0      0      1      2      0      0      0      1
 511    37.500      0      0      0      0      0      0      3      1      1      0      0      1
 512    37.750      0      0      0      0      0      0      2      3      1      0      0      1
 513    38.000      0      0      0      0      0      0      1      2      0      0      0      1
 514    38.250      0      0      0      0      0      0      1      2      1      0      0      1
 515    38.500      0      0      0      0      0      0      2      1      0      0      0      0
 516    38.750      0      0      0      0      0      0      2      1      0      0      0      0
 517    39.000      0      0      0      0      0      0      1      2      0      0      0      0
 518    39.250      0      0      0      0      0      0      2      2      0      0      0      1
 519    39.500      0      0      0      0      0      0      2      1      0      0      0      1
 520    39.750      0      0      0      0      0      0      2      1      0      0      0      1
 521    40.000      0      0      0      0      0      0      2      1      0      0      0      0
 522    40.250      0      0      0      0      0      0      1      1      0      0      0      0
 523    40.500      0      0      0      0      0      0      2      1      0      0      0      1
 524    40.750      0      0      0      0      0      0      1      1      0      0      0      0
 525    41.000      0      0      0      0      0      0      2      2      1      0      0      1
 526    41.250      0      0      0      0      0      0      1      1      0      0      0      0
 527    41.500      0      0      0      0      0      0      1      2      0      1      0      0
 528    41.750      0      0      0      0      0      0      1      1      0      0      0      0
 529    42.000      0      0      0      0      0      0      1      1      0      0      0      0
 530    42.250      0      0      0      0      0      0      0      0      0      0      0      0
 531    42.500      0      0      0      0      0      0      1      1      1      0      0      0
 532    42.750      0      0      0      0      0      0      1      1      0      0      0      0
 533    43.000      0      0      0      0      0      0      1      1      1      0      0      0
 534    43.250      0      0      0      0      0      0      0      1      0      0      0      0
 535    43.500      0      0      0      0      0      0      2      1      0      0      0      0
 536    43.750      0      0      0      0      0      0      1      0      0      0      0      0
 537    44.000      0      0      0      0      0      0      1      1      1      0      0      0
 538    44.250      0      0      0      0      0      0      0      0      0      0      0      0
 539    44.500      0      0      0      0      0      0      1      1      1      0      0      0
 540    44.750      0      0      0      0      0      0      0      0      0      0      0      0
 541    45.000      0      0      0      0      0      0      1      1      1      0      0      0
 542    45.250      0      0      0      0      0      0      0      0      0      0      0      0
 543    45.500      0      0      0      0      0      0      0      1      1      0      0      0
 544    45.750      0      0      0      0      0      0      0      0      0      0      0      0
 545    46.000      0      0      0      0      0      0      0      0      1      0      0      0
 546    46.250      0      0      0      0      0      0      0      0      0      0      0      0
 547    46.500      0      0      0      0      0      0      0      0      0      0      0      0
 548    46.750      0      0      0      0      0      0      0      0      0      0      0      0
 549    47.000      0      0      0      0      0      0      0      0      1      0      0      0
 550    47.250      0      0      0      0      0      0      0      0      0      0      0      0
 551    47.500      0      0      0      0      0      0      0      0      0      0      0      0
 552    47.750      0      0      0      0      0      0      0      0      0      0      0      0
 553    48.000      0      0      0      0      0      0      0      0      0      0      0      0
 554    48.250      0      0      0      0      0      0      0      1      0      0      0      0
 555    48.500      0      0      0      0      0      0      0      0      0      0      0      0
 556    48.750      0      0      0      0      0      0      0      1      0      0      0      0
 557    49.000      0      0      0      0      0      0      0      0      0      0      0      0
 558    49.250      0      0      0      0      0      0      0      0      0      0      0      0
 559    49.500      0      0      0      0      0      0      0      0      0      0      0      0
 560    49.750      0      0      0      0      0      0      0      0      0      0      0      0
 561    50.000      0      0      0      0      0      0      0      0      0      0      0      0
 562    50.250      0      0      0      0      0      0      0      0      0      0      0      0
 563    50.500      0      0      0      0      0      0      0      0      1      0      0      0
 564    50.750      0      0      0      0      0      0      0      0      0      0      0      0
 565    51.000      0      0      0      0      0      0      0      0      0      0      0      0
 566    51.250      0      0      0      0      0      0      0      0      0      0      0      0
 567    51.500      0      0      0      0      0      0      0      0      0      0      0      0
 568    51.750      0      0      0      0      0      0      0      0      0      0      0      0
 569    52.000      0      0      0      0      0      0      0      0      0      0      0      0
 570    52.250      0      0      0      0      0      0      0      0      0      0      0      0
 571    52.500      0      0      0      0      0      0      0      0      0      0      0      0
 572    52.750      0      0      0      0      0      0      0      0      0      0      0      0
 573    53.000      0      0      0      0      0      0      0      0      0      0      0      0
 574    53.250      0      0      0      0      0      0      0      0      0      0      0      0
 575    53.500      0      0      0      0      0      0      0      0      0      0      0      0
 576    53.750      0      0      0      0      0      0      0      0      0      0      0      0
 577    54.000      0      0      0      0      0      0      0      0      0      0      0      0
 578    54.250      0      0      0      0      0      0      0      0      0      0      0      0
 579    54.500      0      0      0      0      0      0      0      0      0      0      0      0
 580    54.750      0      0      0      0      0      0      0      0      0      0      0      0
 581    55.000      0      0      0      0      0      0      0      0      0      0      0      0
 582    55.250      0      0      0      0      0      0      0      0      0      0      0      0
 583    55.500      0      0      0      0      0      0      0      0      0      0      0      0
 584    55.750      0      0      0      0      0      0      0      0      0      0      0      0
 585    56.000      0      0      0      0      0      0      0      0      0      0      0      0
 586    56.250      0      0      0      0      0      0      0      0      0      0      0      0
 587    56.500      0      0      0      0      0      0      0      0      0      0      0      0
 588    56.750      0      0      0      0      0      0      0      0      0      0      0      0
 589    57.000      0      0      0      0      0      0      0      0      0      0      0      0
 590    57.250      0      0      0      0      0      0      0      0      0      0      0      0
 591    57.500      0      0      0      0      0      0      0      0      0      0      0      0
 592    57.750      0      0      0      0      0      0      0      0      0      0      0      0
 593    58.000      0      0      0      0      0      0      0      0      0      0      0      0
 594    58.250      0      0      0      0      0      0      0      0      0      0      0      0
 595    58.500      0      0      0      0      0      0      0      0      0      0      0      0
 596    58.750      0      0      0      0      0      0      0      0      0      0      0      0
 597    59.000      0      0      0      0      0      0      0      0      0      0      0      0
 598    59.250      0      0      0      0      0      0      0      0      0      0      0      0
 599    59.500      0      0      0      0      0      0      0      0      0      0      0      0
 600    59.750      0      0      0      0      0      0      0      0      0      0      0      0
 601    60.000      0      0      0      0      0      0      0      0      0      0      0      0
 602    60.250      0      0      0      0      0      0      0      0      0      0      0      0
 603    60.500      0      0      0      0      0      0      0      0      0      0      0      0
 604    60.750      0      0      0      0      0      0      0      0      0      0      0      0
 605    61.000      0      0      0      0      0      0      0      0      0      0      0      0
 606    61.250      0      0      0      0      0      0      0      0      0      0      0      0
 607    61.500      0      0      0      0      0      0      0      0      0      0      0      0
 608    61.750      0      0      0      0      0      0      0      0      0      0      0      0
 609    62.000      0      0      0      0      0      0      0      0      0      0      0      0
 610    62.250      0      0      0      0      0      0      0      0      0      0      0      0
 611    62.500      0      0      0      0      0      0      0      0      0      0      0      0
 612    62.750      0      0      0      0      0      0      0      0      0      0      0      0
 613    63.000      0      0      0      0      0      0      0      0      0      0      0      0
 614    63.250      0      0      0      0      0      0      0      0      0      0      0      0
 615    63.500      0      0      0      0      0      0      0      0      0      0      0      0
 616    63.750      0      0      0      0      0      0      0      0      0      0      0      0
 617    64.000      0      0      0      0      0      0      0      0      0      0      0      0
 618    64.250      0      0      0      0      0      0      0      0      0      0      0      0
 619    64.500      0      0      0      0      0      0      0      0      0      0      0      0
 620    64.750      0      0      0      0      0      0      0      0      0      0      0      0
 621    65.000      0      0      0      0      0      0      0      0      0      0      0      0
 622    65.250      0      0      0      0      0      0      0      0      0      0      0      0
 623    65.500      0      0      0      0      0      0      0      0      0      0      0      0
 624    65.750      0      0      0      0      0      0      0      0      0      0      0      0
 625    66.000      0      0      0      0      0      0      0      0      0      0      0      0
 626    66.250      0      0      0      0      0      0      0      0      0      0      0      0
 627    66.500      0      0      0      0      0      0      0      0      0      0      0      0
 628    66.750      0      0      0      0      0      0      0      0      0      0      0      0
 629    67.000      0      0      0      0      0      0      0      0      0      0      0      0
 630    67.250      0      0      0      0      0      0      0      0      0      0      0      0
 631    67.500      0      0      0      0      0      0      0      0      0      0      0      0
 632    67.750      0      0      0      0      0      0      0      0      0      0      0      0
 633    68.000      0      0      0      0      0      0      0      0      0      0      0      0
 634    68.250      0      0      0      0      0      0      0      0      0      0      0      0
 635    68.500      0      0      0      0      0      0      0      0      0      0      0      0
 636    68.750      0      0      0      0      0      0      0      0      0      0      0      0
 637    69.000      0      0      0      0      0      0      0      0      0      0      0      0
 638    69.250      0      0      0      0      0      0      0      0      0      0      0      0
 639    69.500      0      0      0      0      0      0      0      0      0      0      0      0
 640    69.750      0      0      0      0      0      0      0      0      0      0      0      0
 641    70.000      0      0      0      0      0      0      0      0      0      0      0      0
 642    70.250      0      0      0      0      0      0      0      0      0      0      0      0
 643    70.500      0      0      0      0      0      0      0      0      0      0      0      0
 644    70.750      0      0      0      0      0      0      0      0      0      0      0      0
 645    71.000      0      0      0      0      0      0      0      0      0      0      0      0
 646    71.250      0      0      0      0      0      0      0      0      0      0      0      0
 647    71.500      0      0      0      0      0      0      0      0      0      0      0      0
 648    71.750      0      0      0      0      0      0      0      0      0      0      0      0
 649    72.000      0      0      0      0      0      0      0      0      0      0      0      0
 650    72.250      0      0      0      0      0      0      0      0      0      0      0      0
 651    72.500      0      0      0      0      0      0      0      0      0      0      0      0
 652    72.750      0      0      0      0      0      0      0      0      0      0      0      0
 653    73.000      0      0      0      0      0      0      0      0      0      0      0      0
 654    73.250      0      0      0      0      0      0      0      0      0      0      0      0
 655    73.500      0      0      0      0      0      0      0      0      0      0      0      0
 656    73.750      0      0      0      0      0      0      0      0      0      0      0      0
 657    74.000      0      0      0      0      0      0      0      0      0      0      0      0
 658    74.250      0      0      0      0      0      0      0      0      0      0      0      0
 659    74.500      0      0      0      0      0      0      0      0      0      0      0      0
 660    74.750      0      0      0      0      0      0      0      0      0      0      0      0
 661    75.000      0      0      0      0      0      0      0      0      0      0      0      0
 662    75.250      0      0      0      0      0      0      0      0      0      0      0      0
 663    75.500      0      0      0      0      0      0      0      0      0      0      0      0
 664    75.750      0      0      0      0      0      0      0      0      0      0      0      0
 665    76.000      0      0      0      0      0      0      0      0      0      0      0      0
 666    76.250      0      0      0      0      0      0      0      0      0      0      0      0
 667    76.500      0      0      0      0      0      0      0      0      0      0      0      0
 668    76.750      0      0      0      0      0      0      0      0      0      0      0      0
 669    77.000      0      0      0      0      0      0      0      0      0      0      0      0
 670    77.250      0      0      0      0      0      0      0      0      0      0      0      0
 671    77.500      0      0      0      0      0      0      0      0      0      0      0      0
 672    77.750      0      0      0      0      0      0      0      0      0      0      0      0
 673    78.000      0      0      0      0      0      0      0      0      0      0      0      0
 674    78.250      0      0      0      0      0      0      0      0      0      0      0      0
 675    78.500      0      0      0      0      0      0      0      0      0      0      0      0
 676    78.750      0      0      0      0      0      0      0      0      0      0      0      0
 677    79.000      0      0      0      0      0      0      0      0      0      0      0      0
 678    79.250      0      0      0      0      0      0      0      0      0      0      0      0
 679    79.500      0      0      0      0      0      0      0      0      0      0      0      0
 680    79.750      0      0      0      0      0      0      0      0      0      0      0      0
 681    80.000      0      0      0      0      0      0      0      0      0      0      0      0
 682    80.250      0      0      0      0      0      0      0      0      0      0      0      0
 683    80.500      0      0      0      0      0      0      0      0      0      0      0      0
 684    80.750      0      0      0      0      0      0      0      0      0      0      0      0
 685    81.000      0      0      0      0      0      0      0      0      0      0      0      0
 686    81.250      0      0      0      0      0      0      0      0      0      0      0      0
 687    81.500      0      0      0      0      0      0      0      0      0      0      0      0
 688    81.750      0      0      0      0      0      0      0      0      0      0      0      0
 689    82.000      0      0      0      0      0      0      0      0      0      0      0      0
 690    82.250      0      0      0      0      0      0      0      0      0      0      0      0
 691    82.500      0      0      0      0      0      0      0      0      0      0      0      0
 692    82.750      0      0      0      0      0      0      0      0      0      0      0      0
 693    83.000      0      0      0      0      0      0      0      0      0      0      0      0
 694    83.250      0      0      0      0      0      0      0      0      0      0      0      0
 695    83.500      0      0      0      0      0      0      0      0      0      0      0      0
 696    83.750      0      0      0      0      0      0      0      0      0      0      0      0
 697    84.000      0      0      0      0      0      0      0      0      0      0      0      0
 698    84.250      0      0      0      0      0      0      0      0      0      0      0      0
 699    84.500      0      0      0      0      0      0      0      0      0      0      0      0
 700    84.750      0      0      0      0      0      0      0      0      0      0      0      0
 701    85.000      0      0      0      0      0      0      0      0      0      0      0      0
 702    85.250      0      0      0      0      0      0      0      0      0      0      0      0
 703    85.500      0      0      0      0      0      0      0      0      0      0      0      0
 704    85.750      0      0      0      0      0      0      0      0      0      0      0      0
 705    86.000      0      0      0      0      0      0      0      0      0      0      0      0
 706    86.250      0      0      0      0      0      0      0      0      0      0      0      0
 707    86.500      0      0      0      0      0      0      0      0      0      0      0      0
 708    86.750      0      0      0      0      0      0      0      0      0      0      0      0
 709    87.000      0      0      0      0      0      0      0      0      0      0      0      0
 710    87.250      0      0      0      0      0      0      0      0      0      0      0      0
 711    87.500      0      0      0      0      0      0      0      0      0      0      0      0
 712    87.750      0      0      0      0      0      0      0      0      0      0      0      0
 713    88.000      0      0      0      0      0      0      0      0      0      0      0      0
 714    88.250      0      0      0      0      0      0      0      0      0      0      0      0
 715    88.500      0      0      0      0      0      0      0      0      0      0      0      0
 716    88.750      0      0      0      0      0      0      0      0      0      0      0      0
 717    89.000      0      0      0      0      0      0      0      0      0      0      0      0
 718    89.250      0      0      0      0      0      0      0      0      0      0      0      0
 719    89.500      0      0      0      0      0      0      0      0      0      0      0      0
 720    89.750      0      0      0      0      0      0      0      0      0      0      0      0
 721    90.000      0      0      0      0      0      0      0      0      0      0      0      0
 
last data file /discover/nobackup/projects/gmao/nwposse/develop/osse529/obs/Y2006/M06/D27/H18/osse529.diag_conv.20060627_18z.ods
sum of counts =     3404
