Channel Counts and Statistics
Data from  20 times
Last date and time:     20060627      180000
Last file of data: /discover/nobackup/projects/gmao/nwposse/develop/osse529/obs/Y2006/M06/D27/H18/osse529.diag_conv.20060627_18z.ods
Number of channels:  12
LatN, LatS:     90.0   -90.0
LonW, LonE:      0.0   360.0
Surface type: BOTH
 
Table 1: in, plevs, index_used, avg counts, means(omf,oma,amf), stdvs(omf,oma,amf), r=stdv(oma)/stdv(omf)
    1        0.00    0       0    0.000000    0.000000    0.000000    0.000000    0.000000    0.000000    0.000000
    2        0.00    0       0    0.000000    0.000000    0.000000    0.000000    0.000000    0.000000    0.000000
    3        0.00    0       0    0.000000    0.000000    0.000000    0.000000    0.000000    0.000000    0.000000
    4        0.00    0       0    0.000000    0.000000    0.000000    0.000000    0.000000    0.000000    0.000000
    5        0.00    0       0    0.000000    0.000000    0.000000    0.000000    0.000000    0.000000    0.000000
    6       71.43    0       0    0.000000    0.000000    0.000000    0.000000    0.000000    0.000000    0.000000
    7      214.29    1   16705   -0.000163   -0.027810   -0.027647    1.071101    0.963649    0.378101    0.899681
    8      357.14    2    4993   -0.121736   -0.037977    0.083759    0.819641    0.709533    0.359896    0.865663
    9      500.00    3    7065   -0.177332   -0.017834    0.159498    0.817849    0.711835    0.354337    0.870374
   10      642.86    4    7927   -0.181373   -0.008115    0.173258    0.961312    0.824863    0.443272    0.858060
   11      785.71    5    6622   -0.148479    0.004984    0.153463    1.056105    0.802007    0.627114    0.759400
   12      928.57    6   10255   -0.011798    0.054720    0.066518    1.465261    1.030864    0.982673    0.703536
 
Table 2: Average number of obs in lat range per synop period
 
      channel=      1      2      3      4      5      6      7      8      9     10     11     12
 
   1   -90.000      0      0      0      0      0      0      0      0      0      0      0      0
   2   -89.750      0      0      0      0      0      0      0      0      0      0      0      0
   3   -89.500      0      0      0      0      0      0      0      0      0      0      0      0
   4   -89.250      0      0      0      0      0      0      0      0      0      0      0      0
   5   -89.000      0      0      0      0      0      0      0      0      0      0      0      0
   6   -88.750      0      0      0      0      0      0      0      0      0      0      0      0
   7   -88.500      0      0      0      0      0      0      0      0      0      0      0      0
   8   -88.250      0      0      0      0      0      0      0      0      0      0      0      0
   9   -88.000      0      0      0      0      0      0      0      0      0      0      0      0
  10   -87.750      0      0      0      0      0      0      0      0      0      0      0      0
  11   -87.500      0      0      0      0      0      0      0      0      0      0      0      0
  12   -87.250      0      0      0      0      0      0      0      0      0      0      0      0
  13   -87.000      0      0      0      0      0      0      0      0      0      0      0      0
  14   -86.750      0      0      0      0      0      0      0      0      0      0      0      0
  15   -86.500      0      0      0      0      0      0      0      0      0      0      0      0
  16   -86.250      0      0      0      0      0      0      0      0      0      0      0      0
  17   -86.000      0      0      0      0      0      0      0      0      0      0      0      0
  18   -85.750      0      0      0      0      0      0      0      0      0      0      0      0
  19   -85.500      0      0      0      0      0      0      0      0      0      0      0      0
  20   -85.250      0      0      0      0      0      0      0      0      0      0      0      0
  21   -85.000      0      0      0      0      0      0      0      0      0      0      0      0
  22   -84.750      0      0      0      0      0      0      0      0      0      0      0      0
  23   -84.500      0      0      0      0      0      0      0      0      0      0      0      0
  24   -84.250      0      0      0      0      0      0      0      0      0      0      0      0
  25   -84.000      0      0      0      0      0      0      0      0      0      0      0      0
  26   -83.750      0      0      0      0      0      0      0      0      0      0      0      0
  27   -83.500      0      0      0      0      0      0      0      0      0      0      0      0
  28   -83.250      0      0      0      0      0      0      0      0      0      0      0      0
  29   -83.000      0      0      0      0      0      0      0      0      0      0      0      0
  30   -82.750      0      0      0      0      0      0      0      0      0      0      0      0
  31   -82.500      0      0      0      0      0      0      0      0      0      0      0      0
  32   -82.250      0      0      0      0      0      0      0      0      0      0      0      0
  33   -82.000      0      0      0      0      0      0      0      0      0      0      0      0
  34   -81.750      0      0      0      0      0      0      0      0      0      0      0      0
  35   -81.500      0      0      0      0      0      0      0      0      0      0      0      0
  36   -81.250      0      0      0      0      0      0      0      0      0      0      0      0
  37   -81.000      0      0      0      0      0      0      0      0      0      0      0      0
  38   -80.750      0      0      0      0      0      0      0      0      0      0      0      0
  39   -80.500      0      0      0      0      0      0      0      0      0      0      0      0
  40   -80.250      0      0      0      0      0      0      0      0      0      0      0      0
  41   -80.000      0      0      0      0      0      0      0      0      0      0      0      0
  42   -79.750      0      0      0      0      0      0      0      0      0      0      0      0
  43   -79.500      0      0      0      0      0      0      0      0      0      0      0      0
  44   -79.250      0      0      0      0      0      0      0      0      0      0      0      0
  45   -79.000      0      0      0      0      0      0      0      0      0      0      0      0
  46   -78.750      0      0      0      0      0      0      0      0      0      0      0      0
  47   -78.500      0      0      0      0      0      0      0      0      0      0      0      0
  48   -78.250      0      0      0      0      0      0      0      0      0      0      0      0
  49   -78.000      0      0      0      0      0      0      0      0      0      0      0      0
  50   -77.750      0      0      0      0      0      0      0      0      0      0      0      0
  51   -77.500      0      0      0      0      0      0      0      0      0      0      0      0
  52   -77.250      0      0      0      0      0      0      0      0      0      0      0      0
  53   -77.000      0      0      0      0      0      0      0      0      0      0      0      0
  54   -76.750      0      0      0      0      0      0      0      0      0      0      0      0
  55   -76.500      0      0      0      0      0      0      0      0      0      0      0      0
  56   -76.250      0      0      0      0      0      0      0      0      0      0      0      0
  57   -76.000      0      0      0      0      0      0      0      0      0      0      0      0
  58   -75.750      0      0      0      0      0      0      0      0      0      0      0      0
  59   -75.500      0      0      0      0      0      0      0      0      0      0      0      0
  60   -75.250      0      0      0      0      0      0      0      0      0      0      0      0
  61   -75.000      0      0      0      0      0      0      0      0      0      0      0      0
  62   -74.750      0      0      0      0      0      0      0      0      0      0      0      0
  63   -74.500      0      0      0      0      0      0      0      0      0      0      0      0
  64   -74.250      0      0      0      0      0      0      0      0      0      0      0      0
  65   -74.000      0      0      0      0      0      0      0      0      0      0      0      0
  66   -73.750      0      0      0      0      0      0      0      0      0      0      0      0
  67   -73.500      0      0      0      0      0      0      0      0      0      0      0      0
  68   -73.250      0      0      0      0      0      0      0      0      0      0      0      0
  69   -73.000      0      0      0      0      0      0      0      0      0      0      0      0
  70   -72.750      0      0      0      0      0      0      0      0      0      0      0      0
  71   -72.500      0      0      0      0      0      0      0      0      0      0      0      0
  72   -72.250      0      0      0      0      0      0      0      0      0      0      0      0
  73   -72.000      0      0      0      0      0      0      0      0      0      0      0      0
  74   -71.750      0      0      0      0      0      0      0      0      0      0      0      0
  75   -71.500      0      0      0      0      0      0      0      0      0      0      0      0
  76   -71.250      0      0      0      0      0      0      0      0      0      0      0      0
  77   -71.000      0      0      0      0      0      0      0      0      0      0      0      0
  78   -70.750      0      0      0      0      0      0      0      0      0      0      0      0
  79   -70.500      0      0      0      0      0      0      0      0      0      0      0      0
  80   -70.250      0      0      0      0      0      0      0      0      0      0      0      0
  81   -70.000      0      0      0      0      0      0      0      0      0      0      0      0
  82   -69.750      0      0      0      0      0      0      0      0      0      0      0      0
  83   -69.500      0      0      0      0      0      0      0      0      0      0      0      0
  84   -69.250      0      0      0      0      0      0      0      0      0      0      0      0
  85   -69.000      0      0      0      0      0      0      0      0      0      0      0      0
  86   -68.750      0      0      0      0      0      0      0      0      0      0      0      0
  87   -68.500      0      0      0      0      0      0      0      0      0      0      0      0
  88   -68.250      0      0      0      0      0      0      0      0      0      0      0      0
  89   -68.000      0      0      0      0      0      0      0      0      0      0      0      0
  90   -67.750      0      0      0      0      0      0      0      0      0      0      0      0
  91   -67.500      0      0      0      0      0      0      0      0      0      0      0      0
  92   -67.250      0      0      0      0      0      0      0      0      0      0      0      0
  93   -67.000      0      0      0      0      0      0      0      0      0      0      0      0
  94   -66.750      0      0      0      0      0      0      0      0      0      0      0      0
  95   -66.500      0      0      0      0      0      0      0      0      0      0      0      0
  96   -66.250      0      0      0      0      0      0      0      0      0      0      0      0
  97   -66.000      0      0      0      0      0      0      0      0      0      0      0      0
  98   -65.750      0      0      0      0      0      0      0      0      0      0      0      0
  99   -65.500      0      0      0      0      0      0      0      0      0      0      0      0
 100   -65.250      0      0      0      0      0      0      0      0      0      0      0      0
 101   -65.000      0      0      0      0      0      0      0      0      0      0      0      0
 102   -64.750      0      0      0      0      0      0      0      0      0      0      0      0
 103   -64.500      0      0      0      0      0      0      0      0      0      0      0      0
 104   -64.250      0      0      0      0      0      0      0      0      0      0      0      0
 105   -64.000      0      0      0      0      0      0      0      0      0      0      0      0
 106   -63.750      0      0      0      0      0      0      0      0      0      0      0      0
 107   -63.500      0      0      0      0      0      0      0      0      0      0      0      0
 108   -63.250      0      0      0      0      0      0      0      0      0      0      0      0
 109   -63.000      0      0      0      0      0      0      0      0      0      0      0      0
 110   -62.750      0      0      0      0      0      0      0      0      0      0      0      0
 111   -62.500      0      0      0      0      0      0      0      0      0      0      0      0
 112   -62.250      0      0      0      0      0      0      0      0      0      0      0      0
 113   -62.000      0      0      0      0      0      0      0      0      0      0      0      0
 114   -61.750      0      0      0      0      0      0      0      0      0      0      0      0
 115   -61.500      0      0      0      0      0      0      0      0      0      0      0      0
 116   -61.250      0      0      0      0      0      0      0      0      0      0      0      0
 117   -61.000      0      0      0      0      0      0      0      0      0      0      0      0
 118   -60.750      0      0      0      0      0      0      0      0      0      0      0      0
 119   -60.500      0      0      0      0      0      0      0      0      0      0      0      0
 120   -60.250      0      0      0      0      0      0      0      0      0      0      0      0
 121   -60.000      0      0      0      0      0      0      0      0      0      0      0      0
 122   -59.750      0      0      0      0      0      0      0      0      0      0      0      0
 123   -59.500      0      0      0      0      0      0      0      0      0      0      0      0
 124   -59.250      0      0      0      0      0      0      0      0      0      0      0      0
 125   -59.000      0      0      0      0      0      0      0      0      0      0      0      0
 126   -58.750      0      0      0      0      0      0      0      0      0      0      0      0
 127   -58.500      0      0      0      0      0      0      0      0      0      0      0      0
 128   -58.250      0      0      0      0      0      0      0      0      0      0      0      0
 129   -58.000      0      0      0      0      0      0      0      0      0      0      0      0
 130   -57.750      0      0      0      0      0      0      0      0      0      0      0      0
 131   -57.500      0      0      0      0      0      0      0      0      0      0      0      0
 132   -57.250      0      0      0      0      0      0      0      0      0      0      0      0
 133   -57.000      0      0      0      0      0      0      0      0      0      0      0      0
 134   -56.750      0      0      0      0      0      0      0      0      0      0      0      0
 135   -56.500      0      0      0      0      0      0      0      0      0      0      0      0
 136   -56.250      0      0      0      0      0      0      0      0      0      0      0      0
 137   -56.000      0      0      0      0      0      0      0      0      0      0      0      0
 138   -55.750      0      0      0      0      0      0      0      0      0      0      0      0
 139   -55.500      0      0      0      0      0      0      0      0      0      0      0      0
 140   -55.250      0      0      0      0      0      0      0      0      0      0      0      0
 141   -55.000      0      0      0      0      0      0      0      0      0      0      0      0
 142   -54.750      0      0      0      0      0      0      0      0      0      0      0      0
 143   -54.500      0      0      0      0      0      0      0      0      0      0      0      0
 144   -54.250      0      0      0      0      0      0      0      0      0      0      0      0
 145   -54.000      0      0      0      0      0      0      0      0      0      0      0      0
 146   -53.750      0      0      0      0      0      0      0      0      0      0      0      0
 147   -53.500      0      0      0      0      0      0      0      0      0      0      0      0
 148   -53.250      0      0      0      0      0      0      0      0      0      0      0      0
 149   -53.000      0      0      0      0      0      0      0      0      0      0      0      0
 150   -52.750      0      0      0      0      0      0      0      0      0      0      0      0
 151   -52.500      0      0      0      0      0      0      0      0      0      0      0      0
 152   -52.250      0      0      0      0      0      0      0      0      0      0      0      0
 153   -52.000      0      0      0      0      0      0      0      0      0      0      0      0
 154   -51.750      0      0      0      0      0      0      0      0      0      0      0      0
 155   -51.500      0      0      0      0      0      0      0      0      0      0      0      0
 156   -51.250      0      0      0      0      0      0      0      0      0      0      0      0
 157   -51.000      0      0      0      0      0      0      0      0      0      0      0      0
 158   -50.750      0      0      0      0      0      0      0      0      0      0      0      0
 159   -50.500      0      0      0      0      0      0      0      0      0      0      0      0
 160   -50.250      0      0      0      0      0      0      0      0      0      0      0      0
 161   -50.000      0      0      0      0      0      0      0      0      0      0      0      0
 162   -49.750      0      0      0      0      0      0      0      0      0      0      0      0
 163   -49.500      0      0      0      0      0      0      0      0      0      0      0      0
 164   -49.250      0      0      0      0      0      0      0      0      0      0      0      0
 165   -49.000      0      0      0      0      0      0      0      0      0      0      0      0
 166   -48.750      0      0      0      0      0      0      0      0      0      0      0      0
 167   -48.500      0      0      0      0      0      0      0      0      0      0      0      0
 168   -48.250      0      0      0      0      0      0      0      0      0      0      0      0
 169   -48.000      0      0      0      0      0      0      0      0      0      0      0      0
 170   -47.750      0      0      0      0      0      0      0      0      0      0      0      0
 171   -47.500      0      0      0      0      0      0      0      0      0      0      0      0
 172   -47.250      0      0      0      0      0      0      0      0      0      0      0      0
 173   -47.000      0      0      0      0      0      0      0      0      0      0      0      0
 174   -46.750      0      0      0      0      0      0      0      0      0      0      0      0
 175   -46.500      0      0      0      0      0      0      0      0      0      0      0      0
 176   -46.250      0      0      0      0      0      0      0      0      0      0      0      0
 177   -46.000      0      0      0      0      0      0      0      0      0      0      0      0
 178   -45.750      0      0      0      0      0      0      0      0      0      0      0      0
 179   -45.500      0      0      0      0      0      0      0      0      0      0      0      0
 180   -45.250      0      0      0      0      0      0      0      0      0      0      0      0
 181   -45.000      0      0      0      0      0      0      0      0      0      0      0      0
 182   -44.750      0      0      0      0      0      0      0      0      0      0      0      0
 183   -44.500      0      0      0      0      0      0      0      0      0      0      0      0
 184   -44.250      0      0      0      0      0      0      0      0      0      0      0      0
 185   -44.000      0      0      0      0      0      0      0      0      0      0      0      0
 186   -43.750      0      0      0      0      0      0      0      0      0      0      0      0
 187   -43.500      0      0      0      0      0      0      0      0      0      0      0      0
 188   -43.250      0      0      0      0      0      0      0      0      0      0      0      0
 189   -43.000      0      0      0      0      0      0      0      0      0      0      0      0
 190   -42.750      0      0      0      0      0      0      0      0      0      0      0      0
 191   -42.500      0      0      0      0      0      0      0      0      0      0      0      0
 192   -42.250      0      0      0      0      0      0      0      0      0      0      0      0
 193   -42.000      0      0      0      0      0      0      0      0      0      0      0      0
 194   -41.750      0      0      0      0      0      0      0      0      0      0      0      0
 195   -41.500      0      0      0      0      0      0      0      0      0      0      0      0
 196   -41.250      0      0      0      0      0      0      0      0      0      0      0      0
 197   -41.000      0      0      0      0      0      0      0      0      0      0      0      0
 198   -40.750      0      0      0      0      0      0      0      0      0      0      0      0
 199   -40.500      0      0      0      0      0      0      0      0      0      0      0      0
 200   -40.250      0      0      0      0      0      0      0      0      0      0      0      0
 201   -40.000      0      0      0      0      0      0      0      0      0      0      0      0
 202   -39.750      0      0      0      0      0      0      0      0      0      0      0      0
 203   -39.500      0      0      0      0      0      0      0      0      0      0      0      0
 204   -39.250      0      0      0      0      0      0      0      0      0      0      0      0
 205   -39.000      0      0      0      0      0      0      0      0      0      0      0      0
 206   -38.750      0      0      0      0      0      0      0      0      0      0      0      0
 207   -38.500      0      0      0      0      0      0      0      0      0      0      0      0
 208   -38.250      0      0      0      0      0      0      0      0      0      0      0      0
 209   -38.000      0      0      0      0      0      0      0      0      0      0      0      0
 210   -37.750      0      0      0      0      0      0      0      0      0      0      0      0
 211   -37.500      0      0      0      0      0      0      0      0      0      0      0      0
 212   -37.250      0      0      0      0      0      0      0      0      0      0      0      0
 213   -37.000      0      0      0      0      0      0      0      0      0      0      0      0
 214   -36.750      0      0      0      0      0      0      0      0      0      0      0      0
 215   -36.500      0      0      0      0      0      0      0      0      0      0      0      0
 216   -36.250      0      0      0      0      0      0      0      0      0      0      0      0
 217   -36.000      0      0      0      0      0      0      0      0      0      0      0      0
 218   -35.750      0      0      0      0      0      0      0      0      0      0      0      0
 219   -35.500      0      0      0      0      0      0      0      0      0      0      0      0
 220   -35.250      0      0      0      0      0      0      0      0      0      0      0      0
 221   -35.000      0      0      0      0      0      0      0      0      0      0      0      0
 222   -34.750      0      0      0      0      0      0      0      0      0      0      0      0
 223   -34.500      0      0      0      0      0      0      0      0      0      0      0      0
 224   -34.250      0      0      0      0      0      0      0      0      0      0      0      0
 225   -34.000      0      0      0      0      0      0      0      0      0      0      0      0
 226   -33.750      0      0      0      0      0      0      0      0      0      0      0      0
 227   -33.500      0      0      0      0      0      0      0      0      0      0      0      0
 228   -33.250      0      0      0      0      0      0      0      0      0      0      0      0
 229   -33.000      0      0      0      0      0      0      0      0      0      0      0      0
 230   -32.750      0      0      0      0      0      0      0      0      0      0      0      0
 231   -32.500      0      0      0      0      0      0      0      0      0      0      0      0
 232   -32.250      0      0      0      0      0      0      0      0      0      0      0      0
 233   -32.000      0      0      0      0      0      0      0      0      0      0      0      0
 234   -31.750      0      0      0      0      0      0      0      0      0      0      0      0
 235   -31.500      0      0      0      0      0      0      0      0      0      0      0      0
 236   -31.250      0      0      0      0      0      0      0      0      0      0      0      0
 237   -31.000      0      0      0      0      0      0      0      0      0      0      0      0
 238   -30.750      0      0      0      0      0      0      0      0      0      0      0      0
 239   -30.500      0      0      0      0      0      0      0      0      0      0      0      0
 240   -30.250      0      0      0      0      0      0      0      0      0      0      0      0
 241   -30.000      0      0      0      0      0      0      0      0      0      0      0      0
 242   -29.750      0      0      0      0      0      0      0      0      0      0      0      0
 243   -29.500      0      0      0      0      0      0      0      0      0      0      0      0
 244   -29.250      0      0      0      0      0      0      0      0      0      0      0      0
 245   -29.000      0      0      0      0      0      0      0      0      0      0      0      0
 246   -28.750      0      0      0      0      0      0      0      0      0      0      0      0
 247   -28.500      0      0      0      0      0      0      0      0      0      0      0      0
 248   -28.250      0      0      0      0      0      0      0      0      0      0      0      0
 249   -28.000      0      0      0      0      0      0      0      0      0      0      0      0
 250   -27.750      0      0      0      0      0      0      0      0      0      0      0      0
 251   -27.500      0      0      0      0      0      0      0      0      0      0      0      0
 252   -27.250      0      0      0      0      0      0      0      0      0      0      0      0
 253   -27.000      0      0      0      0      0      0      0      0      0      0      0      0
 254   -26.750      0      0      0      0      0      0      0      0      0      0      0      0
 255   -26.500      0      0      0      0      0      0      0      0      0      0      0      0
 256   -26.250      0      0      0      0      0      0      0      0      0      0      0      0
 257   -26.000      0      0      0      0      0      0      0      0      0      0      0      0
 258   -25.750      0      0      0      0      0      0      0      0      0      0      0      0
 259   -25.500      0      0      0      0      0      0      0      0      0      0      0      0
 260   -25.250      0      0      0      0      0      0      0      0      0      0      0      0
 261   -25.000      0      0      0      0      0      0      0      0      0      0      0      0
 262   -24.750      0      0      0      0      0      0      0      0      0      0      0      0
 263   -24.500      0      0      0      0      0      0      0      0      0      0      0      0
 264   -24.250      0      0      0      0      0      0      0      0      0      0      0      0
 265   -24.000      0      0      0      0      0      0      0      0      0      0      0      0
 266   -23.750      0      0      0      0      0      0      0      0      0      0      0      0
 267   -23.500      0      0      0      0      0      0      0      0      0      0      0      0
 268   -23.250      0      0      0      0      0      0      0      0      0      0      0      0
 269   -23.000      0      0      0      0      0      0      0      0      0      0      0      0
 270   -22.750      0      0      0      0      0      0      0      0      0      0      0      0
 271   -22.500      0      0      0      0      0      0      0      0      0      0      0      0
 272   -22.250      0      0      0      0      0      0      0      0      0      0      0      0
 273   -22.000      0      0      0      0      0      0      1      0      0      0      0      0
 274   -21.750      0      0      0      0      0      0      0      0      0      0      0      0
 275   -21.500      0      0      0      0      0      0      0      0      0      0      0      0
 276   -21.250      0      0      0      0      0      0      0      0      0      0      0      0
 277   -21.000      0      0      0      0      0      0      0      0      0      0      0      0
 278   -20.750      0      0      0      0      0      0      0      0      0      0      0      0
 279   -20.500      0      0      0      0      0      0      0      0      0      0      0      0
 280   -20.250      0      0      0      0      0      0      0      0      0      0      0      0
 281   -20.000      0      0      0      0      0      0      0      0      0      0      0      0
 282   -19.750      0      0      0      0      0      0      0      0      0      0      0      0
 283   -19.500      0      0      0      0      0      0      1      0      0      0      0      0
 284   -19.250      0      0      0      0      0      0      1      0      0      0      0      0
 285   -19.000      0      0      0      0      0      0      0      0      0      0      0      0
 286   -18.750      0      0      0      0      0      0      0      0      0      0      0      0
 287   -18.500      0      0      0      0      0      0      0      0      0      0      0      0
 288   -18.250      0      0      0      0      0      0      0      0      0      0      0      0
 289   -18.000      0      0      0      0      0      0      0      0      0      0      0      0
 290   -17.750      0      0      0      0      0      0      0      0      0      0      0      0
 291   -17.500      0      0      0      0      0      0      0      0      0      0      0      0
 292   -17.250      0      0      0      0      0      0      0      0      0      0      0      0
 293   -17.000      0      0      0      0      0      0      0      0      0      0      0      0
 294   -16.750      0      0      0      0      0      0      0      0      0      0      0      0
 295   -16.500      0      0      0      0      0      0      0      0      0      0      0      0
 296   -16.250      0      0      0      0      0      0      0      0      0      0      0      0
 297   -16.000      0      0      0      0      0      0      0      0      0      0      0      0
 298   -15.750      0      0      0      0      0      0      0      0      0      0      0      0
 299   -15.500      0      0      0      0      0      0      0      0      0      0      0      0
 300   -15.250      0      0      0      0      0      0      0      0      0      0      0      0
 301   -15.000      0      0      0      0      0      0      1      0      0      0      0      0
 302   -14.750      0      0      0      0      0      0      0      0      0      0      0      0
 303   -14.500      0      0      0      0      0      0      0      0      0      0      0      0
 304   -14.250      0      0      0      0      0      0      0      0      0      0      0      0
 305   -14.000      0      0      0      0      0      0      0      0      0      0      0      0
 306   -13.750      0      0      0      0      0      0      0      0      0      0      0      0
 307   -13.500      0      0      0      0      0      0      0      0      0      0      0      0
 308   -13.250      0      0      0      0      0      0      0      0      0      0      0      0
 309   -13.000      0      0      0      0      0      0      0      0      0      0      0      0
 310   -12.750      0      0      0      0      0      0      0      0      0      0      0      0
 311   -12.500      0      0      0      0      0      0      0      0      0      0      0      0
 312   -12.250      0      0      0      0      0      0      0      0      0      0      0      0
 313   -12.000      0      0      0      0      0      0      0      0      0      0      0      0
 314   -11.750      0      0      0      0      0      0      0      0      0      0      0      0
 315   -11.500      0      0      0      0      0      0      0      0      0      0      0      0
 316   -11.250      0      0      0      0      0      0      0      0      0      0      0      0
 317   -11.000      0      0      0      0      0      0      0      0      0      0      0      0
 318   -10.750      0      0      0      0      0      0      0      0      0      0      0      0
 319   -10.500      0      0      0      0      0      0      0      0      0      0      0      0
 320   -10.250      0      0      0      0      0      0      0      0      0      0      0      0
 321   -10.000      0      0      0      0      0      0      1      0      0      0      0      0
 322    -9.750      0      0      0      0      0      0      0      0      0      0      0      0
 323    -9.500      0      0      0      0      0      0      0      0      0      0      0      0
 324    -9.250      0      0      0      0      0      0      0      0      0      0      0      0
 325    -9.000      0      0      0      0      0      0      0      0      0      0      0      0
 326    -8.750      0      0      0      0      0      0      0      0      0      0      0      0
 327    -8.500      0      0      0      0      0      0      0      0      0      0      0      0
 328    -8.250      0      0      0      0      0      0      0      0      0      0      0      0
 329    -8.000      0      0      0      0      0      0      0      0      0      0      0      0
 330    -7.750      0      0      0      0      0      0      0      0      0      0      0      0
 331    -7.500      0      0      0      0      0      0      0      0      0      0      0      0
 332    -7.250      0      0      0      0      0      0      0      0      0      0      0      0
 333    -7.000      0      0      0      0      0      0      0      0      0      0      0      0
 334    -6.750      0      0      0      0      0      0      1      0      0      0      0      0
 335    -6.500      0      0      0      0      0      0      0      0      0      0      0      0
 336    -6.250      0      0      0      0      0      0      0      0      0      0      0      0
 337    -6.000      0      0      0      0      0      0      0      0      0      0      0      0
 338    -5.750      0      0      0      0      0      0      1      0      0      0      0      0
 339    -5.500      0      0      0      0      0      0      0      0      0      0      0      0
 340    -5.250      0      0      0      0      0      0      0      0      0      0      0      0
 341    -5.000      0      0      0      0      0      0      1      0      0      0      0      0
 342    -4.750      0      0      0      0      0      0      1      0      0      0      0      0
 343    -4.500      0      0      0      0      0      0      1      0      0      0      0      0
 344    -4.250      0      0      0      0      0      0      0      0      0      0      0      0
 345    -4.000      0      0      0      0      0      0      0      0      0      0      0      0
 346    -3.750      0      0      0      0      0      0      0      0      0      0      0      0
 347    -3.500      0      0      0      0      0      0      1      0      0      0      0      0
 348    -3.250      0      0      0      0      0      0      0      0      0      0      0      0
 349    -3.000      0      0      0      0      0      0      0      0      0      0      0      0
 350    -2.750      0      0      0      0      0      0      1      0      0      0      0      0
 351    -2.500      0      0      0      0      0      0      0      0      0      0      0      0
 352    -2.250      0      0      0      0      0      0      0      0      0      0      0      1
 353    -2.000      0      0      0      0      0      0      1      0      0      0      0      1
 354    -1.750      0      0      0      0      0      0      1      0      0      0      0      0
 355    -1.500      0      0      0      0      0      0      0      0      0      0      0      0
 356    -1.250      0      0      0      0      0      0      0      0      0      0      0      0
 357    -1.000      0      0      0      0      0      0      1      0      0      0      0      0
 358    -0.750      0      0      0      0      0      0      0      0      0      0      0      0
 359    -0.500      0      0      0      0      0      0      0      0      0      0      0      0
 360    -0.250      0      0      0      0      0      0      0      0      0      0      0      0
 361     0.000      0      0      0      0      0      0      1      0      0      0      0      0
 362     0.250      0      0      0      0      0      0      0      0      0      0      0      0
 363     0.500      0      0      0      0      0      0      0      0      0      0      0      0
 364     0.750      0      0      0      0      0      0      0      0      0      0      0      0
 365     1.000      0      0      0      0      0      0      0      0      0      0      0      0
 366     1.250      0      0      0      0      0      0      0      0      0      0      0      0
 367     1.500      0      0      0      0      0      0      1      0      0      0      0      0
 368     1.750      0      0      0      0      0      0      1      0      0      0      0      0
 369     2.000      0      0      0      0      0      0      1      0      0      0      0      0
 370     2.250      0      0      0      0      0      0      0      0      0      0      0      0
 371     2.500      0      0      0      0      0      0      0      0      0      0      0      0
 372     2.750      0      0      0      0      0      0      1      0      0      0      0      0
 373     3.000      0      0      0      0      0      0      1      0      0      0      0      0
 374     3.250      0      0      0      0      0      0      0      0      0      0      0      0
 375     3.500      0      0      0      0      0      0      0      0      0      0      0      0
 376     3.750      0      0      0      0      0      0      1      0      0      0      0      0
 377     4.000      0      0      0      0      0      0      1      0      0      0      0      0
 378     4.250      0      0      0      0      0      0      1      0      0      0      0      0
 379     4.500      0      0      0      0      0      0      1      0      0      0      0      0
 380     4.750      0      0      0      0      0      0      0      0      0      0      0      0
 381     5.000      0      0      0      0      0      0      1      0      0      0      0      0
 382     5.250      0      0      0      0      0      0      1      0      0      0      0      0
 383     5.500      0      0      0      0      0      0      0      0      0      0      0      0
 384     5.750      0      0      0      0      0      0      1      0      0      0      0      0
 385     6.000      0      0      0      0      0      0      0      0      0      0      0      0
 386     6.250      0      0      0      0      0      0      1      0      0      0      0      0
 387     6.500      0      0      0      0      0      0      1      0      0      0      0      0
 388     6.750      0      0      0      0      0      0      1      0      0      0      0      0
 389     7.000      0      0      0      0      0      0      1      0      0      0      0      0
 390     7.250      0      0      0      0      0      0      1      0      0      0      0      0
 391     7.500      0      0      0      0      0      0      1      0      0      0      0      0
 392     7.750      0      0      0      0      0      0      1      0      0      0      0      0
 393     8.000      0      0      0      0      0      0      0      0      0      0      0      0
 394     8.250      0      0      0      0      0      0      1      0      0      0      0      0
 395     8.500      0      0      0      0      0      0      1      0      0      0      0      0
 396     8.750      0      0      0      0      0      0      1      0      0      0      0      0
 397     9.000      0      0      0      0      0      0      1      0      0      0      0      0
 398     9.250      0      0      0      0      0      0      1      0      0      0      0      0
 399     9.500      0      0      0      0      0      0      1      0      0      0      0      0
 400     9.750      0      0      0      0      0      0      0      0      0      0      0      0
 401    10.000      0      0      0      0      0      0      1      0      0      1      2      1
 402    10.250      0      0      0      0      0      0      1      0      1      1      0      0
 403    10.500      0      0      0      0      0      0      1      0      1      0      0      0
 404    10.750      0      0      0      0      0      0      1      0      0      0      0      0
 405    11.000      0      0      0      0      0      0      2      0      0      0      0      0
 406    11.250      0      0      0      0      0      0      1      0      0      0      0      0
 407    11.500      0      0      0      0      0      0      1      0      0      0      0      0
 408    11.750      0      0      0      0      0      0      1      0      0      0      0      0
 409    12.000      0      0      0      0      0      0      1      0      0      0      0      0
 410    12.250      0      0      0      0      0      0      1      0      0      0      0      0
 411    12.500      0      0      0      0      0      0      1      0      0      0      0      0
 412    12.750      0      0      0      0      0      0      1      0      0      0      0      0
 413    13.000      0      0      0      0      0      0      1      0      0      0      0      0
 414    13.250      0      0      0      0      0      0      1      0      0      0      0      0
 415    13.500      0      0      0      0      0      0      1      0      0      0      0      1
 416    13.750      0      0      0      0      0      0      1      0      0      0      0      0
 417    14.000      0      0      0      0      0      0      2      0      0      0      0      0
 418    14.250      0      0      0      0      0      0      2      0      0      0      0      0
 419    14.500      0      0      0      0      0      0      2      0      0      0      3      0
 420    14.750      0      0      0      0      0      0      3      0      1      1      0      1
 421    15.000      0      0      0      0      0      0      5      1      1      1      0      0
 422    15.250      0      0      0      0      0      0      2      1      1      0      0      0
 423    15.500      0      0      0      0      0      0      3      0      0      0      0      2
 424    15.750      0      0      0      0      0      0      4      0      0      1      0      0
 425    16.000      0      0      0      0      0      0      4      0      1      0      0      0
 426    16.250      0      0      0      0      0      0      3      0      0      0      0      0
 427    16.500      0      0      0      0      0      0      4      0      0      0      0      0
 428    16.750      0      0      0      0      0      0      4      0      0      0      0      0
 429    17.000      0      0      0      0      0      0      4      0      0      0      0      1
 430    17.250      0      0      0      0      0      0      3      0      0      0      2      4
 431    17.500      0      0      0      0      0      0      4      0      0      2      0      0
 432    17.750      0      0      0      0      0      0      6      0      1      0      1      2
 433    18.000      0      0      0      0      0      0      5      0      0      2      1      5
 434    18.250      0      0      0      0      0      0      5      0      2      3      3      6
 435    18.500      0      0      0      0      0      0      4      1      3      3     24     69
 436    18.750      0      0      0      0      0      0      4      1     13     36     12      1
 437    19.000      0      0      0      0      0      0      5      6     22      8      1      0
 438    19.250      0      0      0      0      0      0      6      8     11      3      0      0
 439    19.500      0      0      0      0      0      0      7      7     15     25     12      0
 440    19.750      0      0      0      0      0      0      8     10     10      7     13     38
 441    20.000      0      0      0      0      0      0     12      6     17     24     10      6
 442    20.250      0      0      0      0      0      0     12      9     20     15      3      0
 443    20.500      0      0      0      0      0      0     14     14     20      5      6      5
 444    20.750      0      0      0      0      0      0     18     13     24     10      8     11
 445    21.000      0      0      0      0      0      0     17      5     28     58     27     36
 446    21.250      0      0      0      0      0      0     16      6     26     56     50    108
 447    21.500      0      0      0      0      0      0     17      3     12     38     10      0
 448    21.750      0      0      0      0      0      0     16      5     11     18     10      5
 449    22.000      0      0      0      0      0      0     19      7      5      8      4     12
 450    22.250      0      0      0      0      0      0     25      6      3      8      1      0
 451    22.500      0      0      0      0      0      0     22      2      0      7     14     18
 452    22.750      0      0      0      0      0      0     20      1      0      5     10     27
 453    23.000      0      0      0      0      0      0     22      1      5      8      7      6
 454    23.250      0      0      0      0      0      0     22      2      4      5      1      8
 455    23.500      0      0      0      0      0      0     22      3      3      3      3      1
 456    23.750      0      0      0      0      0      0     21      2      4      2      1      0
 457    24.000      0      0      0      0      0      0     23      2      5      2      0      0
 458    24.250      0      0      0      0      0      0     21      1      5      0      0      0
 459    24.500      0      0      0      0      0      0     24      2      1      0      0      0
 460    24.750      0      0      0      0      0      0     22      1      2      0      0      0
 461    25.000      0      0      0      0      0      0     24      6     14      0      0      0
 462    25.250      0      0      0      0      0      0     18      4     30     14      0      0
 463    25.500      0      0      0      0      0      0     18      4     18     46     15      0
 464    25.750      0      0      0      0      0      0     20      2      6     22    112    388
 465    26.000      0      0      0      0      0      0     22      3     46    127    104    124
 466    26.250      0      0      0      0      0      0     20     16     93     96     44     16
 467    26.500      0      0      0      0      0      0     23     18     57     28     22     79
 468    26.750      0      0      0      0      0      0     27     17     30     47     28     27
 469    27.000      0      0      0      0      0      0     33     13     44     21      4      2
 470    27.250      0      0      0      0      0      0     33     17     27      8      1      0
 471    27.500      0      0      0      0      0      0     38     19     13     13      3      7
 472    27.750      0      0      0      0      0      0     41     23     25     20     23     14
 473    28.000      0      0      0      0      0      0     57     18     25     58     37    146
 474    28.250      0      0      0      0      0      0     54     20     75    112    100    100
 475    28.500      0      0      0      0      0      0     54     22     66     61     31    194
 476    28.750      0      0      0      0      0      0     62     23     47     34     52     33
 477    29.000      0      0      0      0      0      0     69     30     17     48      7      4
 478    29.250      0      0      0      0      0      0     80     35     46     22      7      1
 479    29.500      0      0      0      0      0      0     78     38     43     48     64    150
 480    29.750      0      0      0      0      0      0     87     44     58     86     83    146
 481    30.000      0      0      0      0      0      0     88     40     64     94     50    130
 482    30.250      0      0      0      0      0      0     95     50     95     74     58    125
 483    30.500      0      0      0      0      0      0    111     44     49     50     41     65
 484    30.750      0      0      0      0      0      0    123     47     50     44     18      9
 485    31.000      0      0      0      0      0      0    133     36     30     15      3      0
 486    31.250      0      0      0      0      0      0    139     30     15      5      0      0
 487    31.500      0      0      0      0      0      0    138     29      6      1      1      3
 488    31.750      0      0      0      0      0      0    142     26     16     14     27      5
 489    32.000      0      0      0      0      0      0    177     27     20     12     13      7
 490    32.250      0      0      0      0      0      0    164     34     66     37      7      8
 491    32.500      0      0      0      0      0      0    171     31     84    106     63     20
 492    32.750      0      0      0      0      0      0    159     63    221    302    319    637
 493    33.000      0      0      0      0      0      0    138     53    182    211    140    443
 494    33.250      0      0      0      0      0      0    139     36    156    181    158     29
 495    33.500      0      0      0      0      0      0    157     97    194    219    230    361
 496    33.750      0      0      0      0      0      0    177    101    195    262    162    250
 497    34.000      0      0      0      0      0      0    212     73    156    200    196    392
 498    34.250      0      0      0      0      0      0    255    104    121    116     46     45
 499    34.500      0      0      0      0      0      0    307    105    109     63     17      5
 500    34.750      0      0      0      0      0      0    311    102     66     60     37     45
 501    35.000      0      0      0      0      0      0    302     85     59    124    161    249
 502    35.250      0      0      0      0      0      0    311     64     71     80     61    123
 503    35.500      0      0      0      0      0      0    315     75     92     71     49     22
 504    35.750      0      0      0      0      0      0    297     62    134    149     32     45
 505    36.000      0      0      0      0      0      0    284     65    114    178    297    371
 506    36.250      0      0      0      0      0      0    305     61     98    102     78    111
 507    36.500      0      0      0      0      0      0    266     56     56     39     13      1
 508    36.750      0      0      0      0      0      0    269     83     29     22      4     15
 509    37.000      0      0      0      0      0      0    292     67     48     31     18     14
 510    37.250      0      0      0      0      0      0    289     92     74     71     47     78
 511    37.500      0      0      0      0      0      0    291     80    101     99    101    146
 512    37.750      0      0      0      0      0      0    327     85     78    119    115    240
 513    38.000      0      0      0      0      0      0    389    102    118    121    127    177
 514    38.250      0      0      0      0      0      0    389     92    128    149    110    275
 515    38.500      0      0      0      0      0      0    364    103    131    146     83     42
 516    38.750      0      0      0      0      0      0    342    110    147    182    173    368
 517    39.000      0      0      0      0      0      0    334    143    165    112     86    142
 518    39.250      0      0      0      0      0      0    306    118    199    181    117    376
 519    39.500      0      0      0      0      0      0    288     97    142    201    107     13
 520    39.750      0      0      0      0      0      0    258    123    203    260    398    272
 521    40.000      0      0      0      0      0      0    260    109    155    229    283    128
 522    40.250      0      0      0      0      0      0    263    112    134    122     46     24
 523    40.500      0      0      0      0      0      0    237    112     75     79     84     98
 524    40.750      0      0      0      0      0      0    232     86     95     80    103    205
 525    41.000      0      0      0      0      0      0    232     92    111     92     34     22
 526    41.250      0      0      0      0      0      0    219     77    140    113     56     29
 527    41.500      0      0      0      0      0      0    230     57    115    163    117     71
 528    41.750      0      0      0      0      0      0    183     60    134    173    168    384
 529    42.000      0      0      0      0      0      0    164     50     90    127    127    299
 530    42.250      0      0      0      0      0      0    137     49     77     93     82    189
 531    42.500      0      0      0      0      0      0    160     34     64     64     32     51
 532    42.750      0      0      0      0      0      0    125     38     45     55     49     52
 533    43.000      0      0      0      0      0      0    114     24     33     30     35    125
 534    43.250      0      0      0      0      0      0     80     20     17     14     10      6
 535    43.500      0      0      0      0      0      0     68      7      7     22     23     18
 536    43.750      0      0      0      0      0      0     72      6      2      6      8     20
 537    44.000      0      0      0      0      0      0     79      7      6      3      2      1
 538    44.250      0      0      0      0      0      0     68     12      7      5      2      3
 539    44.500      0      0      0      0      0      0     72     10     14      6      3      0
 540    44.750      0      0      0      0      0      0     71      5     17     20     17     20
 541    45.000      0      0      0      0      0      0     75      8      4     11      6     19
 542    45.250      0      0      0      0      0      0     64     14     24      5     10      3
 543    45.500      0      0      0      0      0      0     68      7     31     55     36    112
 544    45.750      0      0      0      0      0      0     73     12     14     18     31     26
 545    46.000      0      0      0      0      0      0     61      9      2      2      1      0
 546    46.250      0      0      0      0      0      0     58     13      5      3      0      0
 547    46.500      0      0      0      0      0      0     59     15     12      5      2      0
 548    46.750      0      0      0      0      0      0     59     18     18     13      7      6
 549    47.000      0      0      0      0      0      0     58     20     22     27      8     14
 550    47.250      0      0      0      0      0      0     53     18     26     29     55     51
 551    47.500      0      0      0      0      0      0     66     33     42     66     71    168
 552    47.750      0      0      0      0      0      0     35     20     26     30     24     11
 553    48.000      0      0      0      0      0      0     21     12     12      5      1      2
 554    48.250      0      0      0      0      0      0     20     17      5      1      0      0
 555    48.500      0      0      0      0      0      0     27      9      3      1      0      0
 556    48.750      0      0      0      0      0      0     25      4      0      2      0      0
 557    49.000      0      0      0      0      0      0     31      2      1      2      2      1
 558    49.250      0      0      0      0      0      0     26      3      1      0      0      6
 559    49.500      0      0      0      0      0      0     25      2      2      1      0      0
 560    49.750      0      0      0      0      0      0     27      1      1      2      2      1
 561    50.000      0      0      0      0      0      0     32      1      1      0      2      4
 562    50.250      0      0      0      0      0      0     25      2      4      0      0      0
 563    50.500      0      0      0      0      0      0     24      4      9      8      4      4
 564    50.750      0      0      0      0      0      0     25      5     15     20     23     46
 565    51.000      0      0      0      0      0      0     35      5      8     12     18     24
 566    51.250      0      0      0      0      0      0     29      4      8      6      4      0
 567    51.500      0      0      0      0      0      0     29      4      3      0      0      0
 568    51.750      0      0      0      0      0      0     33      1      1      0      0      0
 569    52.000      0      0      0      0      0      0     44      1      0      0      0      2
 570    52.250      0      0      0      0      0      0     26      2      1      0      0      0
 571    52.500      0      0      0      0      0      0     29      1      0      0      0      0
 572    52.750      0      0      0      0      0      0     26      1      0      0      0      1
 573    53.000      0      0      0      0      0      0     41      2      1      0      0      0
 574    53.250      0      0      0      0      0      0     28      1      0      0      0      0
 575    53.500      0      0      0      0      0      0     30      1      0      0      0      0
 576    53.750      0      0      0      0      0      0     30      1      0      0      0      0
 577    54.000      0      0      0      0      0      0     52      1      0      0      0      0
 578    54.250      0      0      0      0      0      0     24      2      0      0      0      0
 579    54.500      0      0      0      0      0      0     22      3      0      0      0      0
 580    54.750      0      0      0      0      0      0     22      3      1      0      0      0
 581    55.000      0      0      0      0      0      0     33      2      2      2      1      0
 582    55.250      0      0      0      0      0      0     20      1      0      4      4     13
 583    55.500      0      0      0      0      0      0     20      1      1      2      4      7
 584    55.750      0      0      0      0      0      0     20      3      2      2      0      0
 585    56.000      0      0      0      0      0      0     27      3      1      1      0      0
 586    56.250      0      0      0      0      0      0     20      4      1      2      1      0
 587    56.500      0      0      0      0      0      0     22      3      0      1      2     10
 588    56.750      0      0      0      0      0      0     24      1      1      2      3     10
 589    57.000      0      0      0      0      0      0     30      2      0      2      4     14
 590    57.250      0      0      0      0      0      0     26      3      2      2      1      1
 591    57.500      0      0      0      0      0      0     20      4      4      2      1      0
 592    57.750      0      0      0      0      0      0     19      6      5      3      1      6
 593    58.000      0      0      0      0      0      0     25      1      5      8      4      0
 594    58.250      0      0      0      0      0      0     20      2      2      8     20     54
 595    58.500      0      0      0      0      0      0     23      7      4      7      4      4
 596    58.750      0      0      0      0      0      0     20     12      3      1      2      6
 597    59.000      0      0      0      0      0      0     32      5      3      2      3      4
 598    59.250      0      0      0      0      0      0     27      6      4      2      1      1
 599    59.500      0      0      0      0      0      0     31      5      1      2      2      5
 600    59.750      0      0      0      0      0      0     28      4      1      0      0      0
 601    60.000      0      0      0      0      0      0     35      6      0      0      0      0
 602    60.250      0      0      0      0      0      0     34      6      1      1      1      0
 603    60.500      0      0      0      0      0      0     36     20      5      4      3      8
 604    60.750      0      0      0      0      0      0     30     29     35     15      2      7
 605    61.000      0      0      0      0      0      0     38     17     19     52     44     25
 606    61.250      0      0      0      0      0      0     22     14     30     42     46    218
 607    61.500      0      0      0      0      0      0      8      2      9     18     25     11
 608    61.750      0      0      0      0      0      0      8     10      7     10      2      0
 609    62.000      0      0      0      0      0      0     21     12      5      2      0      0
 610    62.250      0      0      0      0      0      0     17      7      3      0      0      0
 611    62.500      0      0      0      0      0      0     16      6      0      0      0      0
 612    62.750      0      0      0      0      0      0     18      2      0      0      0      0
 613    63.000      0      0      0      0      0      0     21      0      0      0      0      0
 614    63.250      0      0      0      0      0      0     13      1      0      0      0      0
 615    63.500      0      0      0      0      0      0     12      1      0      0      0      0
 616    63.750      0      0      0      0      0      0      9      2      1      0      0      0
 617    64.000      0      0      0      0      0      0     14      6      0      0      0      1
 618    64.250      0      0      0      0      0      0      6      7      5      3      1      1
 619    64.500      0      0      0      0      0      0      5      0      3      6      4      7
 620    64.750      0      0      0      0      0      0      4      0      0      2      5     14
 621    65.000      0      0      0      0      0      0      7      0      0      0      0      1
 622    65.250      0      0      0      0      0      0      4      0      0      0      0      0
 623    65.500      0      0      0      0      0      0      4      0      0      0      0      0
 624    65.750      0      0      0      0      0      0      5      0      0      0      0      0
 625    66.000      0      0      0      0      0      0      7      0      0      0      0      0
 626    66.250      0      0      0      0      0      0      5      1      1      0      0      0
 627    66.500      0      0      0      0      0      0      3      1      1      1      0      0
 628    66.750      0      0      0      0      0      0      4      0      1      2      2      2
 629    67.000      0      0      0      0      0      0      4      0      0      0      0      4
 630    67.250      0      0      0      0      0      0      3      0      0      0      0      0
 631    67.500      0      0      0      0      0      0      2      0      0      0      0      0
 632    67.750      0      0      0      0      0      0      2      0      0      0      0      0
 633    68.000      0      0      0      0      0      0      3      0      0      0      0      1
 634    68.250      0      0      0      0      0      0      4      0      0      0      0      0
 635    68.500      0      0      0      0      0      0      5      0      0      0      0      0
 636    68.750      0      0      0      0      0      0      6      1      0      0      0      0
 637    69.000      0      0      0      0      0      0      5      1      0      0      0      0
 638    69.250      0      0      0      0      0      0      3      3      1      0      0      0
 639    69.500      0      0      0      0      0      0      2      4      0      1      0      0
 640    69.750      0      0      0      0      0      0      1      0      3      2      1      0
 641    70.000      0      0      0      0      0      0      2      0      0      4      6      1
 642    70.250      0      0      0      0      0      0      1      1      0      0      0     15
 643    70.500      0      0      0      0      0      0      0      1      1      0      0      0
 644    70.750      0      0      0      0      0      0      0      0      0      1      0      0
 645    71.000      0      0      0      0      0      0      0      0      0      2      1      0
 646    71.250      0      0      0      0      0      0      0      0      0      0      2      7
 647    71.500      0      0      0      0      0      0      0      0      0      0      0      0
 648    71.750      0      0      0      0      0      0      0      0      0      0      0      0
 649    72.000      0      0      0      0      0      0      0      0      0      0      0      0
 650    72.250      0      0      0      0      0      0      0      0      0      0      0      0
 651    72.500      0      0      0      0      0      0      0      0      0      0      0      0
 652    72.750      0      0      0      0      0      0      0      0      0      0      0      0
 653    73.000      0      0      0      0      0      0      0      0      0      0      0      0
 654    73.250      0      0      0      0      0      0      0      0      0      0      0      0
 655    73.500      0      0      0      0      0      0      0      0      0      0      0      0
 656    73.750      0      0      0      0      0      0      0      0      0      0      0      0
 657    74.000      0      0      0      0      0      0      0      0      0      0      0      0
 658    74.250      0      0      0      0      0      0      0      0      0      0      0      0
 659    74.500      0      0      0      0      0      0      0      0      0      0      0      0
 660    74.750      0      0      0      0      0      0      0      0      0      0      0      0
 661    75.000      0      0      0      0      0      0      0      0      0      0      0      0
 662    75.250      0      0      0      0      0      0      0      0      0      0      0      0
 663    75.500      0      0      0      0      0      0      0      0      0      0      0      0
 664    75.750      0      0      0      0      0      0      0      0      0      0      0      0
 665    76.000      0      0      0      0      0      0      0      0      0      0      0      0
 666    76.250      0      0      0      0      0      0      0      0      0      0      0      0
 667    76.500      0      0      0      0      0      0      0      0      0      0      0      0
 668    76.750      0      0      0      0      0      0      0      0      0      0      0      0
 669    77.000      0      0      0      0      0      0      0      0      0      0      0      0
 670    77.250      0      0      0      0      0      0      0      0      0      0      0      0
 671    77.500      0      0      0      0      0      0      0      0      0      0      0      0
 672    77.750      0      0      0      0      0      0      0      0      0      0      0      0
 673    78.000      0      0      0      0      0      0      0      0      0      0      0      0
 674    78.250      0      0      0      0      0      0      0      0      0      0      0      0
 675    78.500      0      0      0      0      0      0      0      0      0      0      0      0
 676    78.750      0      0      0      0      0      0      0      0      0      0      0      0
 677    79.000      0      0      0      0      0      0      0      0      0      0      0      0
 678    79.250      0      0      0      0      0      0      0      0      0      0      0      0
 679    79.500      0      0      0      0      0      0      0      0      0      0      0      0
 680    79.750      0      0      0      0      0      0      0      0      0      0      0      0
 681    80.000      0      0      0      0      0      0      0      0      0      0      0      0
 682    80.250      0      0      0      0      0      0      0      0      0      0      0      0
 683    80.500      0      0      0      0      0      0      0      0      0      0      0      0
 684    80.750      0      0      0      0      0      0      0      0      0      0      0      0
 685    81.000      0      0      0      0      0      0      0      0      0      0      0      0
 686    81.250      0      0      0      0      0      0      0      0      0      0      0      0
 687    81.500      0      0      0      0      0      0      0      0      0      0      0      0
 688    81.750      0      0      0      0      0      0      0      0      0      0      0      0
 689    82.000      0      0      0      0      0      0      0      0      0      0      0      0
 690    82.250      0      0      0      0      0      0      0      0      0      0      0      0
 691    82.500      0      0      0      0      0      0      0      0      0      0      0      0
 692    82.750      0      0      0      0      0      0      0      0      0      0      0      0
 693    83.000      0      0      0      0      0      0      0      0      0      0      0      0
 694    83.250      0      0      0      0      0      0      0      0      0      0      0      0
 695    83.500      0      0      0      0      0      0      0      0      0      0      0      0
 696    83.750      0      0      0      0      0      0      0      0      0      0      0      0
 697    84.000      0      0      0      0      0      0      0      0      0      0      0      0
 698    84.250      0      0      0      0      0      0      0      0      0      0      0      0
 699    84.500      0      0      0      0      0      0      0      0      0      0      0      0
 700    84.750      0      0      0      0      0      0      0      0      0      0      0      0
 701    85.000      0      0      0      0      0      0      0      0      0      0      0      0
 702    85.250      0      0      0      0      0      0      0      0      0      0      0      0
 703    85.500      0      0      0      0      0      0      0      0      0      0      0      0
 704    85.750      0      0      0      0      0      0      0      0      0      0      0      0
 705    86.000      0      0      0      0      0      0      0      0      0      0      0      0
 706    86.250      0      0      0      0      0      0      0      0      0      0      0      0
 707    86.500      0      0      0      0      0      0      0      0      0      0      0      0
 708    86.750      0      0      0      0      0      0      0      0      0      0      0      0
 709    87.000      0      0      0      0      0      0      0      0      0      0      0      0
 710    87.250      0      0      0      0      0      0      0      0      0      0      0      0
 711    87.500      0      0      0      0      0      0      0      0      0      0      0      0
 712    87.750      0      0      0      0      0      0      0      0      0      0      0      0
 713    88.000      0      0      0      0      0      0      0      0      0      0      0      0
 714    88.250      0      0      0      0      0      0      0      0      0      0      0      0
 715    88.500      0      0      0      0      0      0      0      0      0      0      0      0
 716    88.750      0      0      0      0      0      0      0      0      0      0      0      0
 717    89.000      0      0      0      0      0      0      0      0      0      0      0      0
 718    89.250      0      0      0      0      0      0      0      0      0      0      0      0
 719    89.500      0      0      0      0      0      0      0      0      0      0      0      0
 720    89.750      0      0      0      0      0      0      0      0      0      0      0      0
 721    90.000      0      0      0      0      0      0      0      0      0      0      0      0
 
last data file /discover/nobackup/projects/gmao/nwposse/develop/osse529/obs/Y2006/M06/D27/H18/osse529.diag_conv.20060627_18z.ods
sum of counts =    53567
