Channel Counts and Statistics
Data from  20 times
Last date and time:     20060627      180000
Last file of data: /discover/nobackup/projects/gmao/nwposse/develop/osse529/obs/Y2006/M06/D27/H18/osse529.diag_conv.20060627_18z.ods
Number of channels:  12
LatN, LatS:     90.0   -90.0
LonW, LonE:      0.0   360.0
Surface type: BOTH
 
Table 1: in, plevs, index_used, avg counts, means(omf,oma,amf), stdvs(omf,oma,amf), r=stdv(oma)/stdv(omf)
    1        0.00    0       0    0.000000    0.000000    0.000000    0.000000    0.000000    0.000000    0.000000
    2        0.00    0       0    0.000000    0.000000    0.000000    0.000000    0.000000    0.000000    0.000000
    3        0.00    0       0    0.000000    0.000000    0.000000    0.000000    0.000000    0.000000    0.000000
    4        0.00    0       0    0.000000    0.000000    0.000000    0.000000    0.000000    0.000000    0.000000
    5        0.00    0       0    0.000000    0.000000    0.000000    0.000000    0.000000    0.000000    0.000000
    6       71.43    0       0    0.000000    0.000000    0.000000    0.000000    0.000000    0.000000    0.000000
    7      214.29    0       0    0.000000    0.000000    0.000000    0.000000    0.000000    0.000000    0.000000
    8      357.14    0       0    0.000000    0.000000    0.000000    0.000000    0.000000    0.000000    0.000000
    9      500.00    0       0    0.000000    0.000000    0.000000    0.000000    0.000000    0.000000    0.000000
   10      642.86    1      61    0.048767    0.005815   -0.042952    2.303336    1.985790    0.955553    0.862136
   11      785.71    2    1453    0.124843    0.000354   -0.124489    1.981843    1.591036    0.896057    0.802806
   12      928.57    3    2693    0.237416    0.067489   -0.169928    1.619291    1.277779    0.735042    0.789098
 
Table 2: Average number of obs in lat range per synop period
 
      channel=      1      2      3      4      5      6      7      8      9     10     11     12
 
   1   -90.000      0      0      0      0      0      0      0      0      0      0      0      0
   2   -89.750      0      0      0      0      0      0      0      0      0      0      0      0
   3   -89.500      0      0      0      0      0      0      0      0      0      0      0      0
   4   -89.250      0      0      0      0      0      0      0      0      0      0      0      0
   5   -89.000      0      0      0      0      0      0      0      0      0      0      0      0
   6   -88.750      0      0      0      0      0      0      0      0      0      0      0      0
   7   -88.500      0      0      0      0      0      0      0      0      0      0      0      0
   8   -88.250      0      0      0      0      0      0      0      0      0      0      0      0
   9   -88.000      0      0      0      0      0      0      0      0      0      0      0      0
  10   -87.750      0      0      0      0      0      0      0      0      0      0      0      0
  11   -87.500      0      0      0      0      0      0      0      0      0      0      0      0
  12   -87.250      0      0      0      0      0      0      0      0      0      0      0      0
  13   -87.000      0      0      0      0      0      0      0      0      0      0      0      0
  14   -86.750      0      0      0      0      0      0      0      0      0      0      0      0
  15   -86.500      0      0      0      0      0      0      0      0      0      0      0      0
  16   -86.250      0      0      0      0      0      0      0      0      0      0      0      0
  17   -86.000      0      0      0      0      0      0      0      0      0      0      0      0
  18   -85.750      0      0      0      0      0      0      0      0      0      0      0      0
  19   -85.500      0      0      0      0      0      0      0      0      0      0      0      0
  20   -85.250      0      0      0      0      0      0      0      0      0      0      0      0
  21   -85.000      0      0      0      0      0      0      0      0      0      0      0      0
  22   -84.750      0      0      0      0      0      0      0      0      0      0      0      0
  23   -84.500      0      0      0      0      0      0      0      0      0      0      0      0
  24   -84.250      0      0      0      0      0      0      0      0      0      0      0      0
  25   -84.000      0      0      0      0      0      0      0      0      0      0      0      0
  26   -83.750      0      0      0      0      0      0      0      0      0      0      0      0
  27   -83.500      0      0      0      0      0      0      0      0      0      0      0      0
  28   -83.250      0      0      0      0      0      0      0      0      0      0      0      0
  29   -83.000      0      0      0      0      0      0      0      0      0      0      0      0
  30   -82.750      0      0      0      0      0      0      0      0      0      0      0      0
  31   -82.500      0      0      0      0      0      0      0      0      0      0      0      0
  32   -82.250      0      0      0      0      0      0      0      0      0      0      0      0
  33   -82.000      0      0      0      0      0      0      0      0      0      0      0      0
  34   -81.750      0      0      0      0      0      0      0      0      0      0      0      0
  35   -81.500      0      0      0      0      0      0      0      0      0      0      0      0
  36   -81.250      0      0      0      0      0      0      0      0      0      0      0      0
  37   -81.000      0      0      0      0      0      0      0      0      0      0      0      0
  38   -80.750      0      0      0      0      0      0      0      0      0      0      0      0
  39   -80.500      0      0      0      0      0      0      0      0      0      0      0      0
  40   -80.250      0      0      0      0      0      0      0      0      0      0      0      0
  41   -80.000      0      0      0      0      0      0      0      0      0      0      0      0
  42   -79.750      0      0      0      0      0      0      0      0      0      0      0      0
  43   -79.500      0      0      0      0      0      0      0      0      0      0      0      0
  44   -79.250      0      0      0      0      0      0      0      0      0      0      0      0
  45   -79.000      0      0      0      0      0      0      0      0      0      0      0      0
  46   -78.750      0      0      0      0      0      0      0      0      0      0      0      0
  47   -78.500      0      0      0      0      0      0      0      0      0      0      0      0
  48   -78.250      0      0      0      0      0      0      0      0      0      0      0      0
  49   -78.000      0      0      0      0      0      0      0      0      0      0      0      0
  50   -77.750      0      0      0      0      0      0      0      0      0      0      0      0
  51   -77.500      0      0      0      0      0      0      0      0      0      0      0      0
  52   -77.250      0      0      0      0      0      0      0      0      0      0      0      0
  53   -77.000      0      0      0      0      0      0      0      0      0      0      0      0
  54   -76.750      0      0      0      0      0      0      0      0      0      0      0      0
  55   -76.500      0      0      0      0      0      0      0      0      0      0      0      0
  56   -76.250      0      0      0      0      0      0      0      0      0      0      0      0
  57   -76.000      0      0      0      0      0      0      0      0      0      0      0      0
  58   -75.750      0      0      0      0      0      0      0      0      0      0      0      0
  59   -75.500      0      0      0      0      0      0      0      0      0      0      0      0
  60   -75.250      0      0      0      0      0      0      0      0      0      0      0      0
  61   -75.000      0      0      0      0      0      0      0      0      0      0      0      0
  62   -74.750      0      0      0      0      0      0      0      0      0      0      0      0
  63   -74.500      0      0      0      0      0      0      0      0      0      0      0      0
  64   -74.250      0      0      0      0      0      0      0      0      0      0      0      0
  65   -74.000      0      0      0      0      0      0      0      0      0      0      0      0
  66   -73.750      0      0      0      0      0      0      0      0      0      0      0      0
  67   -73.500      0      0      0      0      0      0      0      0      0      0      0      0
  68   -73.250      0      0      0      0      0      0      0      0      0      0      0      0
  69   -73.000      0      0      0      0      0      0      0      0      0      0      0      0
  70   -72.750      0      0      0      0      0      0      0      0      0      0      0      0
  71   -72.500      0      0      0      0      0      0      0      0      0      0      0      0
  72   -72.250      0      0      0      0      0      0      0      0      0      0      0      0
  73   -72.000      0      0      0      0      0      0      0      0      0      0      0      0
  74   -71.750      0      0      0      0      0      0      0      0      0      0      0      0
  75   -71.500      0      0      0      0      0      0      0      0      0      0      0      0
  76   -71.250      0      0      0      0      0      0      0      0      0      0      0      0
  77   -71.000      0      0      0      0      0      0      0      0      0      0      0      0
  78   -70.750      0      0      0      0      0      0      0      0      0      0      0      0
  79   -70.500      0      0      0      0      0      0      0      0      0      0      0      0
  80   -70.250      0      0      0      0      0      0      0      0      0      0      0      0
  81   -70.000      0      0      0      0      0      0      0      0      0      0      0      0
  82   -69.750      0      0      0      0      0      0      0      0      0      0      0      0
  83   -69.500      0      0      0      0      0      0      0      0      0      0      0      0
  84   -69.250      0      0      0      0      0      0      0      0      0      0      0      0
  85   -69.000      0      0      0      0      0      0      0      0      0      0      0      0
  86   -68.750      0      0      0      0      0      0      0      0      0      0      0      0
  87   -68.500      0      0      0      0      0      0      0      0      0      0      0      0
  88   -68.250      0      0      0      0      0      0      0      0      0      0      0      0
  89   -68.000      0      0      0      0      0      0      0      0      0      0      0      0
  90   -67.750      0      0      0      0      0      0      0      0      0      0      0      0
  91   -67.500      0      0      0      0      0      0      0      0      0      0      0      0
  92   -67.250      0      0      0      0      0      0      0      0      0      0      0      0
  93   -67.000      0      0      0      0      0      0      0      0      0      0      0      0
  94   -66.750      0      0      0      0      0      0      0      0      0      0      0      0
  95   -66.500      0      0      0      0      0      0      0      0      0      0      0      0
  96   -66.250      0      0      0      0      0      0      0      0      0      0      0      0
  97   -66.000      0      0      0      0      0      0      0      0      0      0      0      0
  98   -65.750      0      0      0      0      0      0      0      0      0      0      0      0
  99   -65.500      0      0      0      0      0      0      0      0      0      0      0      0
 100   -65.250      0      0      0      0      0      0      0      0      0      0      0      0
 101   -65.000      0      0      0      0      0      0      0      0      0      0      0      0
 102   -64.750      0      0      0      0      0      0      0      0      0      0      0      0
 103   -64.500      0      0      0      0      0      0      0      0      0      0      0      0
 104   -64.250      0      0      0      0      0      0      0      0      0      0      0      0
 105   -64.000      0      0      0      0      0      0      0      0      0      0      0      0
 106   -63.750      0      0      0      0      0      0      0      0      0      0      0      0
 107   -63.500      0      0      0      0      0      0      0      0      0      0      0      0
 108   -63.250      0      0      0      0      0      0      0      0      0      0      0      0
 109   -63.000      0      0      0      0      0      0      0      0      0      0      0      0
 110   -62.750      0      0      0      0      0      0      0      0      0      0      0      0
 111   -62.500      0      0      0      0      0      0      0      0      0      0      0      0
 112   -62.250      0      0      0      0      0      0      0      0      0      0      0      0
 113   -62.000      0      0      0      0      0      0      0      0      0      0      0      0
 114   -61.750      0      0      0      0      0      0      0      0      0      0      0      0
 115   -61.500      0      0      0      0      0      0      0      0      0      0      0      0
 116   -61.250      0      0      0      0      0      0      0      0      0      0      0      0
 117   -61.000      0      0      0      0      0      0      0      0      0      0      0      0
 118   -60.750      0      0      0      0      0      0      0      0      0      0      0      0
 119   -60.500      0      0      0      0      0      0      0      0      0      0      0      0
 120   -60.250      0      0      0      0      0      0      0      0      0      0      0      0
 121   -60.000      0      0      0      0      0      0      0      0      0      0      0      0
 122   -59.750      0      0      0      0      0      0      0      0      0      0      0      0
 123   -59.500      0      0      0      0      0      0      0      0      0      0      0      0
 124   -59.250      0      0      0      0      0      0      0      0      0      0      0      0
 125   -59.000      0      0      0      0      0      0      0      0      0      0      0      0
 126   -58.750      0      0      0      0      0      0      0      0      0      0      0      0
 127   -58.500      0      0      0      0      0      0      0      0      0      0      0      0
 128   -58.250      0      0      0      0      0      0      0      0      0      0      0      0
 129   -58.000      0      0      0      0      0      0      0      0      0      0      0      0
 130   -57.750      0      0      0      0      0      0      0      0      0      0      0      0
 131   -57.500      0      0      0      0      0      0      0      0      0      0      0      0
 132   -57.250      0      0      0      0      0      0      0      0      0      0      0      0
 133   -57.000      0      0      0      0      0      0      0      0      0      0      0      0
 134   -56.750      0      0      0      0      0      0      0      0      0      0      0      0
 135   -56.500      0      0      0      0      0      0      0      0      0      0      0      0
 136   -56.250      0      0      0      0      0      0      0      0      0      0      0      0
 137   -56.000      0      0      0      0      0      0      0      0      0      0      0      0
 138   -55.750      0      0      0      0      0      0      0      0      0      0      0      0
 139   -55.500      0      0      0      0      0      0      0      0      0      0      0      0
 140   -55.250      0      0      0      0      0      0      0      0      0      0      0      0
 141   -55.000      0      0      0      0      0      0      0      0      0      0      0      0
 142   -54.750      0      0      0      0      0      0      0      0      0      0      0      0
 143   -54.500      0      0      0      0      0      0      0      0      0      0      0      0
 144   -54.250      0      0      0      0      0      0      0      0      0      0      1      0
 145   -54.000      0      0      0      0      0      0      0      0      0      0      0      0
 146   -53.750      0      0      0      0      0      0      0      0      0      0      1      0
 147   -53.500      0      0      0      0      0      0      0      0      0      0      1      0
 148   -53.250      0      0      0      0      0      0      0      0      0      0      1      0
 149   -53.000      0      0      0      0      0      0      0      0      0      0      1      0
 150   -52.750      0      0      0      0      0      0      0      0      0      0      1      0
 151   -52.500      0      0      0      0      0      0      0      0      0      0      1      0
 152   -52.250      0      0      0      0      0      0      0      0      0      0      1      0
 153   -52.000      0      0      0      0      0      0      0      0      0      0      1      0
 154   -51.750      0      0      0      0      0      0      0      0      0      0      1      1
 155   -51.500      0      0      0      0      0      0      0      0      0      0      1      1
 156   -51.250      0      0      0      0      0      0      0      0      0      0      1      1
 157   -51.000      0      0      0      0      0      0      0      0      0      0      1      1
 158   -50.750      0      0      0      0      0      0      0      0      0      0      1      1
 159   -50.500      0      0      0      0      0      0      0      0      0      0      1      1
 160   -50.250      0      0      0      0      0      0      0      0      0      0      2      2
 161   -50.000      0      0      0      0      0      0      0      0      0      0      1      1
 162   -49.750      0      0      0      0      0      0      0      0      0      0      2      2
 163   -49.500      0      0      0      0      0      0      0      0      0      0      1      1
 164   -49.250      0      0      0      0      0      0      0      0      0      0      1      2
 165   -49.000      0      0      0      0      0      0      0      0      0      0      2      2
 166   -48.750      0      0      0      0      0      0      0      0      0      0      2      2
 167   -48.500      0      0      0      0      0      0      0      0      0      0      3      2
 168   -48.250      0      0      0      0      0      0      0      0      0      0      3      3
 169   -48.000      0      0      0      0      0      0      0      0      0      0      3      3
 170   -47.750      0      0      0      0      0      0      0      0      0      0      2      3
 171   -47.500      0      0      0      0      0      0      0      0      0      0      3      4
 172   -47.250      0      0      0      0      0      0      0      0      0      0      3      3
 173   -47.000      0      0      0      0      0      0      0      0      0      0      3      5
 174   -46.750      0      0      0      0      0      0      0      0      0      0      3      3
 175   -46.500      0      0      0      0      0      0      0      0      0      0      3      3
 176   -46.250      0      0      0      0      0      0      0      0      0      0      3      3
 177   -46.000      0      0      0      0      0      0      0      0      0      0      3      5
 178   -45.750      0      0      0      0      0      0      0      0      0      0      3      5
 179   -45.500      0      0      0      0      0      0      0      0      0      0      2      4
 180   -45.250      0      0      0      0      0      0      0      0      0      0      4      4
 181   -45.000      0      0      0      0      0      0      0      0      0      0      3      4
 182   -44.750      0      0      0      0      0      0      0      0      0      0      3      5
 183   -44.500      0      0      0      0      0      0      0      0      0      0      3      4
 184   -44.250      0      0      0      0      0      0      0      0      0      0      3      5
 185   -44.000      0      0      0      0      0      0      0      0      0      0      3      5
 186   -43.750      0      0      0      0      0      0      0      0      0      0      3      4
 187   -43.500      0      0      0      0      0      0      0      0      0      0      2      4
 188   -43.250      0      0      0      0      0      0      0      0      0      0      3      4
 189   -43.000      0      0      0      0      0      0      0      0      0      0      3      4
 190   -42.750      0      0      0      0      0      0      0      0      0      0      3      4
 191   -42.500      0      0      0      0      0      0      0      0      0      0      2      4
 192   -42.250      0      0      0      0      0      0      0      0      0      0      2      3
 193   -42.000      0      0      0      0      0      0      0      0      0      0      2      4
 194   -41.750      0      0      0      0      0      0      0      0      0      0      3      3
 195   -41.500      0      0      0      0      0      0      0      0      0      0      2      4
 196   -41.250      0      0      0      0      0      0      0      0      0      0      2      3
 197   -41.000      0      0      0      0      0      0      0      0      0      0      2      4
 198   -40.750      0      0      0      0      0      0      0      0      0      0      2      3
 199   -40.500      0      0      0      0      0      0      0      0      0      0      3      4
 200   -40.250      0      0      0      0      0      0      0      0      0      0      2      3
 201   -40.000      0      0      0      0      0      0      0      0      0      0      2      4
 202   -39.750      0      0      0      0      0      0      0      0      0      0      3      3
 203   -39.500      0      0      0      0      0      0      0      0      0      0      2      3
 204   -39.250      0      0      0      0      0      0      0      0      0      0      2      3
 205   -39.000      0      0      0      0      0      0      0      0      0      0      3      4
 206   -38.750      0      0      0      0      0      0      0      0      0      0      2      3
 207   -38.500      0      0      0      0      0      0      0      0      0      0      3      4
 208   -38.250      0      0      0      0      0      0      0      0      0      0      4      4
 209   -38.000      0      0      0      0      0      0      0      0      0      0      4      6
 210   -37.750      0      0      0      0      0      0      0      0      0      0      3      4
 211   -37.500      0      0      0      0      0      0      0      0      0      0      4      5
 212   -37.250      0      0      0      0      0      0      0      0      0      0      3      6
 213   -37.000      0      0      0      0      0      0      0      0      0      0      3      6
 214   -36.750      0      0      0      0      0      0      0      0      0      0      3      5
 215   -36.500      0      0      0      0      0      0      0      0      0      0      3      5
 216   -36.250      0      0      0      0      0      0      0      0      0      0      4      7
 217   -36.000      0      0      0      0      0      0      0      0      0      0      3      8
 218   -35.750      0      0      0      0      0      0      0      0      0      0      3      8
 219   -35.500      0      0      0      0      0      0      0      0      0      0      4      8
 220   -35.250      0      0      0      0      0      0      0      0      0      0      3      9
 221   -35.000      0      0      0      0      0      0      0      0      0      0      2      9
 222   -34.750      0      0      0      0      0      0      0      0      0      0      3      8
 223   -34.500      0      0      0      0      0      0      0      0      0      0      3      9
 224   -34.250      0      0      0      0      0      0      0      0      0      0      4      7
 225   -34.000      0      0      0      0      0      0      0      0      0      0      3     10
 226   -33.750      0      0      0      0      0      0      0      0      0      0      2      8
 227   -33.500      0      0      0      0      0      0      0      0      0      0      3      7
 228   -33.250      0      0      0      0      0      0      0      0      0      0      3      6
 229   -33.000      0      0      0      0      0      0      0      0      0      0      2      7
 230   -32.750      0      0      0      0      0      0      0      0      0      0      2      6
 231   -32.500      0      0      0      0      0      0      0      0      0      0      2      7
 232   -32.250      0      0      0      0      0      0      0      0      0      0      2      8
 233   -32.000      0      0      0      0      0      0      0      0      0      0      2      7
 234   -31.750      0      0      0      0      0      0      0      0      0      0      2      8
 235   -31.500      0      0      0      0      0      0      0      0      0      0      2      7
 236   -31.250      0      0      0      0      0      0      0      0      0      0      2      7
 237   -31.000      0      0      0      0      0      0      0      0      0      0      2      8
 238   -30.750      0      0      0      0      0      0      0      0      0      0      1      8
 239   -30.500      0      0      0      0      0      0      0      0      0      0      1      7
 240   -30.250      0      0      0      0      0      0      0      0      0      0      2      7
 241   -30.000      0      0      0      0      0      0      0      0      0      0      3      7
 242   -29.750      0      0      0      0      0      0      0      0      0      0      2      8
 243   -29.500      0      0      0      0      0      0      0      0      0      0      3      8
 244   -29.250      0      0      0      0      0      0      0      0      0      0      3      6
 245   -29.000      0      0      0      0      0      0      0      0      0      0      2      8
 246   -28.750      0      0      0      0      0      0      0      0      0      0      3      7
 247   -28.500      0      0      0      0      0      0      0      0      0      0      3      8
 248   -28.250      0      0      0      0      0      0      0      0      0      0      3      8
 249   -28.000      0      0      0      0      0      0      0      0      0      0      2      7
 250   -27.750      0      0      0      0      0      0      0      0      0      0      2      7
 251   -27.500      0      0      0      0      0      0      0      0      0      0      3      7
 252   -27.250      0      0      0      0      0      0      0      0      0      0      2      8
 253   -27.000      0      0      0      0      0      0      0      0      0      0      3      7
 254   -26.750      0      0      0      0      0      0      0      0      0      0      2      7
 255   -26.500      0      0      0      0      0      0      0      0      0      0      2      8
 256   -26.250      0      0      0      0      0      0      0      0      0      0      2      8
 257   -26.000      0      0      0      0      0      0      0      0      0      0      2      6
 258   -25.750      0      0      0      0      0      0      0      0      0      0      3      6
 259   -25.500      0      0      0      0      0      0      0      0      0      0      3      8
 260   -25.250      0      0      0      0      0      0      0      0      0      0      3      8
 261   -25.000      0      0      0      0      0      0      0      0      0      0      3      8
 262   -24.750      0      0      0      0      0      0      0      0      0      0      3     10
 263   -24.500      0      0      0      0      0      0      0      0      0      0      4      8
 264   -24.250      0      0      0      0      0      0      0      0      0      0      4      8
 265   -24.000      0      0      0      0      0      0      0      0      0      0      4      9
 266   -23.750      0      0      0      0      0      0      0      0      0      0      5      8
 267   -23.500      0      0      0      0      0      0      0      0      0      0      5      9
 268   -23.250      0      0      0      0      0      0      0      0      0      0      5      8
 269   -23.000      0      0      0      0      0      0      0      0      0      0      5      8
 270   -22.750      0      0      0      0      0      0      0      0      0      0      5      8
 271   -22.500      0      0      0      0      0      0      0      0      0      0      5      8
 272   -22.250      0      0      0      0      0      0      0      0      0      0      5      7
 273   -22.000      0      0      0      0      0      0      0      0      0      0      5      7
 274   -21.750      0      0      0      0      0      0      0      0      0      0      5      7
 275   -21.500      0      0      0      0      0      0      0      0      0      0      6      7
 276   -21.250      0      0      0      0      0      0      0      0      0      0      6      8
 277   -21.000      0      0      0      0      0      0      0      0      0      0      4      7
 278   -20.750      0      0      0      0      0      0      0      0      0      0      5      8
 279   -20.500      0      0      0      0      0      0      0      0      0      0      5      8
 280   -20.250      0      0      0      0      0      0      0      0      0      0      5      7
 281   -20.000      0      0      0      0      0      0      0      0      0      0      4      8
 282   -19.750      0      0      0      0      0      0      0      0      0      0      6      8
 283   -19.500      0      0      0      0      0      0      0      0      0      0      5      8
 284   -19.250      0      0      0      0      0      0      0      0      0      0      5      8
 285   -19.000      0      0      0      0      0      0      0      0      0      0      4      8
 286   -18.750      0      0      0      0      0      0      0      0      0      0      4      8
 287   -18.500      0      0      0      0      0      0      0      0      0      0      5      9
 288   -18.250      0      0      0      0      0      0      0      0      0      0      4      8
 289   -18.000      0      0      0      0      0      0      0      0      0      0      4      8
 290   -17.750      0      0      0      0      0      0      0      0      0      0      5      8
 291   -17.500      0      0      0      0      0      0      0      0      0      0      5      7
 292   -17.250      0      0      0      0      0      0      0      0      0      0      4      9
 293   -17.000      0      0      0      0      0      0      0      0      0      0      6      8
 294   -16.750      0      0      0      0      0      0      0      0      0      0      4      9
 295   -16.500      0      0      0      0      0      0      0      0      0      0      6      9
 296   -16.250      0      0      0      0      0      0      0      0      0      0      7     10
 297   -16.000      0      0      0      0      0      0      0      0      0      0      8     12
 298   -15.750      0      0      0      0      0      0      0      0      0      0      7     11
 299   -15.500      0      0      0      0      0      0      0      0      0      0      6     11
 300   -15.250      0      0      0      0      0      0      0      0      0      0      7     10
 301   -15.000      0      0      0      0      0      0      0      0      0      0      9     11
 302   -14.750      0      0      0      0      0      0      0      0      0      0      7     10
 303   -14.500      0      0      0      0      0      0      0      0      0      0      7     11
 304   -14.250      0      0      0      0      0      0      0      0      0      0      5     12
 305   -14.000      0      0      0      0      0      0      0      0      0      0      7     11
 306   -13.750      0      0      0      0      0      0      0      0      0      0      6     13
 307   -13.500      0      0      0      0      0      0      0      0      0      0      5     12
 308   -13.250      0      0      0      0      0      0      0      0      0      0      7     11
 309   -13.000      0      0      0      0      0      0      0      0      0      0      6     14
 310   -12.750      0      0      0      0      0      0      0      0      0      0      5     14
 311   -12.500      0      0      0      0      0      0      0      0      0      0      6     11
 312   -12.250      0      0      0      0      0      0      0      0      0      0      5     13
 313   -12.000      0      0      0      0      0      0      0      0      0      0      5     12
 314   -11.750      0      0      0      0      0      0      0      0      0      0      5     13
 315   -11.500      0      0      0      0      0      0      0      0      0      0      5     13
 316   -11.250      0      0      0      0      0      0      0      0      0      0      5     13
 317   -11.000      0      0      0      0      0      0      0      0      0      0      4     14
 318   -10.750      0      0      0      0      0      0      0      0      0      0      3     13
 319   -10.500      0      0      0      0      0      0      0      0      0      0      4     12
 320   -10.250      0      0      0      0      0      0      0      0      0      0      4     14
 321   -10.000      0      0      0      0      0      0      0      0      0      0      4     13
 322    -9.750      0      0      0      0      0      0      0      0      0      0      4     11
 323    -9.500      0      0      0      0      0      0      0      0      0      0      3     13
 324    -9.250      0      0      0      0      0      0      0      0      0      0      4     12
 325    -9.000      0      0      0      0      0      0      0      0      0      0      4     14
 326    -8.750      0      0      0      0      0      0      0      0      0      0      4     13
 327    -8.500      0      0      0      0      0      0      0      0      0      0      4     11
 328    -8.250      0      0      0      0      0      0      0      0      0      0      5     13
 329    -8.000      0      0      0      0      0      0      0      0      0      0      4     13
 330    -7.750      0      0      0      0      0      0      0      0      0      0      5     14
 331    -7.500      0      0      0      0      0      0      0      0      0      0      4     13
 332    -7.250      0      0      0      0      0      0      0      0      0      0      4     13
 333    -7.000      0      0      0      0      0      0      0      0      0      0      5     12
 334    -6.750      0      0      0      0      0      0      0      0      0      0      4     13
 335    -6.500      0      0      0      0      0      0      0      0      0      0      4     15
 336    -6.250      0      0      0      0      0      0      0      0      0      0      4     14
 337    -6.000      0      0      0      0      0      0      0      0      0      0      5     15
 338    -5.750      0      0      0      0      0      0      0      0      0      0      4     13
 339    -5.500      0      0      0      0      0      0      0      0      0      0      3     15
 340    -5.250      0      0      0      0      0      0      0      0      0      0      4     14
 341    -5.000      0      0      0      0      0      0      0      0      0      0      3     14
 342    -4.750      0      0      0      0      0      0      0      0      0      0      3     14
 343    -4.500      0      0      0      0      0      0      0      0      0      0      2     12
 344    -4.250      0      0      0      0      0      0      0      0      0      0      2     13
 345    -4.000      0      0      0      0      0      0      0      0      0      0      2     13
 346    -3.750      0      0      0      0      0      0      0      0      0      0      2     13
 347    -3.500      0      0      0      0      0      0      0      0      0      0      2     13
 348    -3.250      0      0      0      0      0      0      0      0      0      0      2     12
 349    -3.000      0      0      0      0      0      0      0      0      0      0      2     11
 350    -2.750      0      0      0      0      0      0      0      0      0      0      1     13
 351    -2.500      0      0      0      0      0      0      0      0      0      0      1     12
 352    -2.250      0      0      0      0      0      0      0      0      0      0      2     11
 353    -2.000      0      0      0      0      0      0      0      0      0      0      2     11
 354    -1.750      0      0      0      0      0      0      0      0      0      0      2     11
 355    -1.500      0      0      0      0      0      0      0      0      0      0      1     11
 356    -1.250      0      0      0      0      0      0      0      0      0      0      2     11
 357    -1.000      0      0      0      0      0      0      0      0      0      0      2      9
 358    -0.750      0      0      0      0      0      0      0      0      0      0      3     10
 359    -0.500      0      0      0      0      0      0      0      0      0      0      2     10
 360    -0.250      0      0      0      0      0      0      0      0      0      0      2     10
 361     0.000      0      0      0      0      0      0      0      0      0      0      1      6
 362     0.250      0      0      0      0      0      0      0      0      0      0      2     10
 363     0.500      0      0      0      0      0      0      0      0      0      0      3     10
 364     0.750      0      0      0      0      0      0      0      0      0      0      3     11
 365     1.000      0      0      0      0      0      0      0      0      0      0      3      9
 366     1.250      0      0      0      0      0      0      0      0      0      0      3     10
 367     1.500      0      0      0      0      0      0      0      0      0      0      3     11
 368     1.750      0      0      0      0      0      0      0      0      0      0      3     11
 369     2.000      0      0      0      0      0      0      0      0      0      0      4     11
 370     2.250      0      0      0      0      0      0      0      0      0      0      4     12
 371     2.500      0      0      0      0      0      0      0      0      0      0      5     12
 372     2.750      0      0      0      0      0      0      0      0      0      0      4     11
 373     3.000      0      0      0      0      0      0      0      0      0      0      6     10
 374     3.250      0      0      0      0      0      0      0      0      0      0      6     10
 375     3.500      0      0      0      0      0      0      0      0      0      0      6     11
 376     3.750      0      0      0      0      0      0      0      0      0      0      6      9
 377     4.000      0      0      0      0      0      0      0      0      0      0      4      9
 378     4.250      0      0      0      0      0      0      0      0      0      0      5      8
 379     4.500      0      0      0      0      0      0      0      0      0      0      6      9
 380     4.750      0      0      0      0      0      0      0      0      0      0      5      9
 381     5.000      0      0      0      0      0      0      0      0      0      0      5      8
 382     5.250      0      0      0      0      0      0      0      0      0      0      4     10
 383     5.500      0      0      0      0      0      0      0      0      0      0      5      9
 384     5.750      0      0      0      0      0      0      0      0      0      0      4      7
 385     6.000      0      0      0      0      0      0      0      0      0      0      5      8
 386     6.250      0      0      0      0      0      0      0      0      0      0      4     11
 387     6.500      0      0      0      0      0      0      0      0      0      0      5      9
 388     6.750      0      0      0      0      0      0      0      0      0      0      4      8
 389     7.000      0      0      0      0      0      0      0      0      0      0      4      8
 390     7.250      0      0      0      0      0      0      0      0      0      0      5      7
 391     7.500      0      0      0      0      0      0      0      0      0      0      4      7
 392     7.750      0      0      0      0      0      0      0      0      0      0      4      6
 393     8.000      0      0      0      0      0      0      0      0      0      0      4      7
 394     8.250      0      0      0      0      0      0      0      0      0      0      3      6
 395     8.500      0      0      0      0      0      0      0      0      0      0      3      5
 396     8.750      0      0      0      0      0      0      0      0      0      0      4      6
 397     9.000      0      0      0      0      0      0      0      0      0      0      3      6
 398     9.250      0      0      0      0      0      0      0      0      0      0      4      6
 399     9.500      0      0      0      0      0      0      0      0      0      0      4      4
 400     9.750      0      0      0      0      0      0      0      0      0      0      5      4
 401    10.000      0      0      0      0      0      0      0      0      0      0      5      5
 402    10.250      0      0      0      0      0      0      0      0      0      0      5      4
 403    10.500      0      0      0      0      0      0      0      0      0      0      5      5
 404    10.750      0      0      0      0      0      0      0      0      0      0      4      4
 405    11.000      0      0      0      0      0      0      0      0      0      0      5      4
 406    11.250      0      0      0      0      0      0      0      0      0      0      5      5
 407    11.500      0      0      0      0      0      0      0      0      0      0      4      3
 408    11.750      0      0      0      0      0      0      0      0      0      0      4      3
 409    12.000      0      0      0      0      0      0      0      0      0      0      4      3
 410    12.250      0      0      0      0      0      0      0      0      0      0      4      2
 411    12.500      0      0      0      0      0      0      0      0      0      0      3      2
 412    12.750      0      0      0      0      0      0      0      0      0      0      4      2
 413    13.000      0      0      0      0      0      0      0      0      0      0      4      3
 414    13.250      0      0      0      0      0      0      0      0      0      0      2      2
 415    13.500      0      0      0      0      0      0      0      0      0      0      2      2
 416    13.750      0      0      0      0      0      0      0      0      0      0      2      2
 417    14.000      0      0      0      0      0      0      0      0      0      0      3      2
 418    14.250      0      0      0      0      0      0      0      0      0      0      2      2
 419    14.500      0      0      0      0      0      0      0      0      0      0      2      2
 420    14.750      0      0      0      0      0      0      0      0      0      0      3      2
 421    15.000      0      0      0      0      0      0      0      0      0      0      2      3
 422    15.250      0      0      0      0      0      0      0      0      0      0      2      3
 423    15.500      0      0      0      0      0      0      0      0      0      0      2      3
 424    15.750      0      0      0      0      0      0      0      0      0      0      2      3
 425    16.000      0      0      0      0      0      0      0      0      0      0      2      3
 426    16.250      0      0      0      0      0      0      0      0      0      0      2      4
 427    16.500      0      0      0      0      0      0      0      0      0      0      1      3
 428    16.750      0      0      0      0      0      0      0      0      0      0      1      3
 429    17.000      0      0      0      0      0      0      0      0      0      0      2      3
 430    17.250      0      0      0      0      0      0      0      0      0      0      2      3
 431    17.500      0      0      0      0      0      0      0      0      0      0      3      2
 432    17.750      0      0      0      0      0      0      0      0      0      0      2      3
 433    18.000      0      0      0      0      0      0      0      0      0      0      3      3
 434    18.250      0      0      0      0      0      0      0      0      0      0      3      3
 435    18.500      0      0      0      0      0      0      0      0      0      0      2      2
 436    18.750      0      0      0      0      0      0      0      0      0      0      3      3
 437    19.000      0      0      0      0      0      0      0      0      0      0      2      2
 438    19.250      0      0      0      0      0      0      0      0      0      0      3      2
 439    19.500      0      0      0      0      0      0      0      0      0      0      2      2
 440    19.750      0      0      0      0      0      0      0      0      0      0      3      2
 441    20.000      0      0      0      0      0      0      0      0      0      0      3      2
 442    20.250      0      0      0      0      0      0      0      0      0      0      2      2
 443    20.500      0      0      0      0      0      0      0      0      0      0      2      1
 444    20.750      0      0      0      0      0      0      0      0      0      0      2      1
 445    21.000      0      0      0      0      0      0      0      0      0      0      2      2
 446    21.250      0      0      0      0      0      0      0      0      0      0      2      2
 447    21.500      0      0      0      0      0      0      0      0      0      0      1      2
 448    21.750      0      0      0      0      0      0      0      0      0      0      1      1
 449    22.000      0      0      0      0      0      0      0      0      0      0      1      2
 450    22.250      0      0      0      0      0      0      0      0      0      0      1      1
 451    22.500      0      0      0      0      0      0      0      0      0      0      0      1
 452    22.750      0      0      0      0      0      0      0      0      0      0      1      2
 453    23.000      0      0      0      0      0      0      0      0      0      0      1      2
 454    23.250      0      0      0      0      0      0      0      0      0      0      0      2
 455    23.500      0      0      0      0      0      0      0      0      0      0      0      2
 456    23.750      0      0      0      0      0      0      0      0      0      0      0      2
 457    24.000      0      0      0      0      0      0      0      0      0      0      0      2
 458    24.250      0      0      0      0      0      0      0      0      0      0      0      1
 459    24.500      0      0      0      0      0      0      0      0      0      0      0      1
 460    24.750      0      0      0      0      0      0      0      0      0      0      0      2
 461    25.000      0      0      0      0      0      0      0      0      0      0      0      1
 462    25.250      0      0      0      0      0      0      0      0      0      0      0      1
 463    25.500      0      0      0      0      0      0      0      0      0      0      0      1
 464    25.750      0      0      0      0      0      0      0      0      0      0      0      1
 465    26.000      0      0      0      0      0      0      0      0      0      0      0      1
 466    26.250      0      0      0      0      0      0      0      0      0      0      0      0
 467    26.500      0      0      0      0      0      0      0      0      0      0      0      0
 468    26.750      0      0      0      0      0      0      0      0      0      0      0      1
 469    27.000      0      0      0      0      0      0      0      0      0      0      0      1
 470    27.250      0      0      0      0      0      0      0      0      0      0      0      1
 471    27.500      0      0      0      0      0      0      0      0      0      0      0      1
 472    27.750      0      0      0      0      0      0      0      0      0      0      0      1
 473    28.000      0      0      0      0      0      0      0      0      0      0      0      1
 474    28.250      0      0      0      0      0      0      0      0      0      0      0      1
 475    28.500      0      0      0      0      0      0      0      0      0      0      0      1
 476    28.750      0      0      0      0      0      0      0      0      0      0      0      1
 477    29.000      0      0      0      0      0      0      0      0      0      0      0      1
 478    29.250      0      0      0      0      0      0      0      0      0      0      0      0
 479    29.500      0      0      0      0      0      0      0      0      0      0      0      1
 480    29.750      0      0      0      0      0      0      0      0      0      0      0      1
 481    30.000      0      0      0      0      0      0      0      0      0      0      0      1
 482    30.250      0      0      0      0      0      0      0      0      0      0      0      1
 483    30.500      0      0      0      0      0      0      0      0      0      0      0      1
 484    30.750      0      0      0      0      0      0      0      0      0      0      0      1
 485    31.000      0      0      0      0      0      0      0      0      0      0      0      2
 486    31.250      0      0      0      0      0      0      0      0      0      0      0      1
 487    31.500      0      0      0      0      0      0      0      0      0      0      0      2
 488    31.750      0      0      0      0      0      0      0      0      0      0      0      2
 489    32.000      0      0      0      0      0      0      0      0      0      0      0      2
 490    32.250      0      0      0      0      0      0      0      0      0      0      0      2
 491    32.500      0      0      0      0      0      0      0      0      0      0      0      2
 492    32.750      0      0      0      0      0      0      0      0      0      0      0      3
 493    33.000      0      0      0      0      0      0      0      0      0      0      0      3
 494    33.250      0      0      0      0      0      0      0      0      0      0      0      3
 495    33.500      0      0      0      0      0      0      0      0      0      0      0      3
 496    33.750      0      0      0      0      0      0      0      0      0      0      0      3
 497    34.000      0      0      0      0      0      0      0      0      0      0      0      3
 498    34.250      0      0      0      0      0      0      0      0      0      0      0      4
 499    34.500      0      0      0      0      0      0      0      0      0      0      0      3
 500    34.750      0      0      0      0      0      0      0      0      0      0      0      4
 501    35.000      0      0      0      0      0      0      0      0      0      0      1      3
 502    35.250      0      0      0      0      0      0      0      0      0      0      1      3
 503    35.500      0      0      0      0      0      0      0      0      0      0      1      2
 504    35.750      0      0      0      0      0      0      0      0      0      0      1      3
 505    36.000      0      0      0      0      0      0      0      0      0      0      1      3
 506    36.250      0      0      0      0      0      0      0      0      0      0      1      3
 507    36.500      0      0      0      0      0      0      0      0      0      0      2      3
 508    36.750      0      0      0      0      0      0      0      0      0      0      2      3
 509    37.000      0      0      0      0      0      0      0      0      0      0      1      3
 510    37.250      0      0      0      0      0      0      0      0      0      0      1      3
 511    37.500      0      0      0      0      0      0      0      0      0      0      1      4
 512    37.750      0      0      0      0      0      0      0      0      0      0      1      3
 513    38.000      0      0      0      0      0      0      0      0      0      0      1      3
 514    38.250      0      0      0      0      0      0      0      0      0      0      1      2
 515    38.500      0      0      0      0      0      0      0      0      0      0      1      2
 516    38.750      0      0      0      0      0      0      0      0      0      0      1      1
 517    39.000      0      0      0      0      0      0      0      0      0      0      0      2
 518    39.250      0      0      0      0      0      0      0      0      0      0      1      1
 519    39.500      0      0      0      0      0      0      0      0      0      0      1      1
 520    39.750      0      0      0      0      0      0      0      0      0      0      1      2
 521    40.000      0      0      0      0      0      0      0      0      0      0      1      2
 522    40.250      0      0      0      0      0      0      0      0      0      0      1      1
 523    40.500      0      0      0      0      0      0      0      0      0      0      1      1
 524    40.750      0      0      0      0      0      0      0      0      0      0      2      1
 525    41.000      0      0      0      0      0      0      0      0      0      0      2      2
 526    41.250      0      0      0      0      0      0      0      0      0      0      1      3
 527    41.500      0      0      0      0      0      0      0      0      0      0      1      2
 528    41.750      0      0      0      0      0      0      0      0      0      0      1      2
 529    42.000      0      0      0      0      0      0      0      0      0      0      0      2
 530    42.250      0      0      0      0      0      0      0      0      0      0      1      2
 531    42.500      0      0      0      0      0      0      0      0      0      0      0      1
 532    42.750      0      0      0      0      0      0      0      0      0      0      1      2
 533    43.000      0      0      0      0      0      0      0      0      0      0      1      2
 534    43.250      0      0      0      0      0      0      0      0      0      0      0      2
 535    43.500      0      0      0      0      0      0      0      0      0      0      1      2
 536    43.750      0      0      0      0      0      0      0      0      0      0      1      2
 537    44.000      0      0      0      0      0      0      0      0      0      0      1      2
 538    44.250      0      0      0      0      0      0      0      0      0      0      2      2
 539    44.500      0      0      0      0      0      0      0      0      0      0      2      2
 540    44.750      0      0      0      0      0      0      0      0      0      0      2      1
 541    45.000      0      0      0      0      0      0      0      0      0      0      2      2
 542    45.250      0      0      0      0      0      0      0      0      0      0      1      2
 543    45.500      0      0      0      0      0      0      0      0      0      0      1      2
 544    45.750      0      0      0      0      0      0      0      0      0      0      3      2
 545    46.000      0      0      0      0      0      0      0      0      0      0      2      1
 546    46.250      0      0      0      0      0      0      0      0      0      0      2      1
 547    46.500      0      0      0      0      0      0      0      0      0      0      2      1
 548    46.750      0      0      0      0      0      0      0      0      0      0      3      2
 549    47.000      0      0      0      0      0      0      0      0      0      0      3      1
 550    47.250      0      0      0      0      0      0      0      0      0      0      3      1
 551    47.500      0      0      0      0      0      0      0      0      0      0      3      1
 552    47.750      0      0      0      0      0      0      0      0      0      0      4      2
 553    48.000      0      0      0      0      0      0      0      0      0      0      3      3
 554    48.250      0      0      0      0      0      0      0      0      0      0      3      2
 555    48.500      0      0      0      0      0      0      0      0      0      0      4      2
 556    48.750      0      0      0      0      0      0      0      0      0      0      3      2
 557    49.000      0      0      0      0      0      0      0      0      0      0      4      2
 558    49.250      0      0      0      0      0      0      0      0      0      0      4      3
 559    49.500      0      0      0      0      0      0      0      0      0      0      4      2
 560    49.750      0      0      0      0      0      0      0      0      0      0      4      2
 561    50.000      0      0      0      0      0      0      0      0      0      0      5      3
 562    50.250      0      0      0      0      0      0      0      0      0      0      4      2
 563    50.500      0      0      0      0      0      0      0      0      0      0      5      3
 564    50.750      0      0      0      0      0      0      0      0      0      0      5      4
 565    51.000      0      0      0      0      0      0      0      0      0      0      5      3
 566    51.250      0      0      0      0      0      0      0      0      0      0      5      4
 567    51.500      0      0      0      0      0      0      0      0      0      0      5      4
 568    51.750      0      0      0      0      0      0      0      0      0      0      5      5
 569    52.000      0      0      0      0      0      0      0      0      0      0      5      5
 570    52.250      0      0      0      0      0      0      0      0      0      0      6      4
 571    52.500      0      0      0      0      0      0      0      0      0      0      5      5
 572    52.750      0      0      0      0      0      0      0      0      0      0      5      6
 573    53.000      0      0      0      0      0      0      0      0      0      0      5      6
 574    53.250      0      0      0      0      0      0      0      0      0      0      4      7
 575    53.500      0      0      0      0      0      0      0      0      0      0      5      6
 576    53.750      0      0      0      0      0      0      0      0      0      0      5      6
 577    54.000      0      0      0      0      0      0      0      0      0      0      5      5
 578    54.250      0      0      0      0      0      0      0      0      0      0      4      6
 579    54.500      0      0      0      0      0      0      0      0      0      0      5      7
 580    54.750      0      0      0      0      0      0      0      0      0      0      6      7
 581    55.000      0      0      0      0      0      0      0      0      0      0      5      6
 582    55.250      0      0      0      0      0      0      0      0      0      0      4      6
 583    55.500      0      0      0      0      0      0      0      0      0      0      3      6
 584    55.750      0      0      0      0      0      0      0      0      0      0      5      6
 585    56.000      0      0      0      0      0      0      0      0      0      0      4      5
 586    56.250      0      0      0      0      0      0      0      0      0      0      4      5
 587    56.500      0      0      0      0      0      0      0      0      0      0      2      5
 588    56.750      0      0      0      0      0      0      0      0      0      0      3      4
 589    57.000      0      0      0      0      0      0      0      0      0      0      2      4
 590    57.250      0      0      0      0      0      0      0      0      0      0      3      4
 591    57.500      0      0      0      0      0      0      0      0      0      0      2      3
 592    57.750      0      0      0      0      0      0      0      0      0      0      2      3
 593    58.000      0      0      0      0      0      0      0      0      0      0      1      3
 594    58.250      0      0      0      0      0      0      0      0      0      0      2      2
 595    58.500      0      0      0      0      0      0      0      0      0      0      2      2
 596    58.750      0      0      0      0      0      0      0      0      0      0      1      1
 597    59.000      0      0      0      0      0      0      0      0      0      0      1      2
 598    59.250      0      0      0      0      0      0      0      0      0      0      1      1
 599    59.500      0      0      0      0      0      0      0      0      0      0      0      1
 600    59.750      0      0      0      0      0      0      0      0      0      0      0      1
 601    60.000      0      0      0      0      0      0      0      0      0      0      0      0
 602    60.250      0      0      0      0      0      0      0      0      0      0      0      0
 603    60.500      0      0      0      0      0      0      0      0      0      0      0      0
 604    60.750      0      0      0      0      0      0      0      0      0      0      0      0
 605    61.000      0      0      0      0      0      0      0      0      0      0      0      0
 606    61.250      0      0      0      0      0      0      0      0      0      0      0      0
 607    61.500      0      0      0      0      0      0      0      0      0      0      0      0
 608    61.750      0      0      0      0      0      0      0      0      0      0      0      0
 609    62.000      0      0      0      0      0      0      0      0      0      0      0      0
 610    62.250      0      0      0      0      0      0      0      0      0      0      0      0
 611    62.500      0      0      0      0      0      0      0      0      0      0      0      0
 612    62.750      0      0      0      0      0      0      0      0      0      0      0      0
 613    63.000      0      0      0      0      0      0      0      0      0      0      0      0
 614    63.250      0      0      0      0      0      0      0      0      0      0      0      0
 615    63.500      0      0      0      0      0      0      0      0      0      0      0      0
 616    63.750      0      0      0      0      0      0      0      0      0      0      0      0
 617    64.000      0      0      0      0      0      0      0      0      0      0      0      0
 618    64.250      0      0      0      0      0      0      0      0      0      0      0      0
 619    64.500      0      0      0      0      0      0      0      0      0      0      0      0
 620    64.750      0      0      0      0      0      0      0      0      0      0      0      0
 621    65.000      0      0      0      0      0      0      0      0      0      0      0      0
 622    65.250      0      0      0      0      0      0      0      0      0      0      0      0
 623    65.500      0      0      0      0      0      0      0      0      0      0      0      0
 624    65.750      0      0      0      0      0      0      0      0      0      0      0      0
 625    66.000      0      0      0      0      0      0      0      0      0      0      0      0
 626    66.250      0      0      0      0      0      0      0      0      0      0      0      0
 627    66.500      0      0      0      0      0      0      0      0      0      0      0      0
 628    66.750      0      0      0      0      0      0      0      0      0      0      0      0
 629    67.000      0      0      0      0      0      0      0      0      0      0      0      0
 630    67.250      0      0      0      0      0      0      0      0      0      0      0      0
 631    67.500      0      0      0      0      0      0      0      0      0      0      0      0
 632    67.750      0      0      0      0      0      0      0      0      0      0      0      0
 633    68.000      0      0      0      0      0      0      0      0      0      0      0      0
 634    68.250      0      0      0      0      0      0      0      0      0      0      0      0
 635    68.500      0      0      0      0      0      0      0      0      0      0      0      0
 636    68.750      0      0      0      0      0      0      0      0      0      0      0      0
 637    69.000      0      0      0      0      0      0      0      0      0      0      0      0
 638    69.250      0      0      0      0      0      0      0      0      0      0      0      0
 639    69.500      0      0      0      0      0      0      0      0      0      0      0      0
 640    69.750      0      0      0      0      0      0      0      0      0      0      0      0
 641    70.000      0      0      0      0      0      0      0      0      0      0      0      0
 642    70.250      0      0      0      0      0      0      0      0      0      0      0      0
 643    70.500      0      0      0      0      0      0      0      0      0      0      0      0
 644    70.750      0      0      0      0      0      0      0      0      0      0      0      0
 645    71.000      0      0      0      0      0      0      0      0      0      0      0      0
 646    71.250      0      0      0      0      0      0      0      0      0      0      0      0
 647    71.500      0      0      0      0      0      0      0      0      0      0      0      0
 648    71.750      0      0      0      0      0      0      0      0      0      0      0      0
 649    72.000      0      0      0      0      0      0      0      0      0      0      0      0
 650    72.250      0      0      0      0      0      0      0      0      0      0      0      0
 651    72.500      0      0      0      0      0      0      0      0      0      0      0      0
 652    72.750      0      0      0      0      0      0      0      0      0      0      0      0
 653    73.000      0      0      0      0      0      0      0      0      0      0      0      0
 654    73.250      0      0      0      0      0      0      0      0      0      0      0      0
 655    73.500      0      0      0      0      0      0      0      0      0      0      0      0
 656    73.750      0      0      0      0      0      0      0      0      0      0      0      0
 657    74.000      0      0      0      0      0      0      0      0      0      0      0      0
 658    74.250      0      0      0      0      0      0      0      0      0      0      0      0
 659    74.500      0      0      0      0      0      0      0      0      0      0      0      0
 660    74.750      0      0      0      0      0      0      0      0      0      0      0      0
 661    75.000      0      0      0      0      0      0      0      0      0      0      0      0
 662    75.250      0      0      0      0      0      0      0      0      0      0      0      0
 663    75.500      0      0      0      0      0      0      0      0      0      0      0      0
 664    75.750      0      0      0      0      0      0      0      0      0      0      0      0
 665    76.000      0      0      0      0      0      0      0      0      0      0      0      0
 666    76.250      0      0      0      0      0      0      0      0      0      0      0      0
 667    76.500      0      0      0      0      0      0      0      0      0      0      0      0
 668    76.750      0      0      0      0      0      0      0      0      0      0      0      0
 669    77.000      0      0      0      0      0      0      0      0      0      0      0      0
 670    77.250      0      0      0      0      0      0      0      0      0      0      0      0
 671    77.500      0      0      0      0      0      0      0      0      0      0      0      0
 672    77.750      0      0      0      0      0      0      0      0      0      0      0      0
 673    78.000      0      0      0      0      0      0      0      0      0      0      0      0
 674    78.250      0      0      0      0      0      0      0      0      0      0      0      0
 675    78.500      0      0      0      0      0      0      0      0      0      0      0      0
 676    78.750      0      0      0      0      0      0      0      0      0      0      0      0
 677    79.000      0      0      0      0      0      0      0      0      0      0      0      0
 678    79.250      0      0      0      0      0      0      0      0      0      0      0      0
 679    79.500      0      0      0      0      0      0      0      0      0      0      0      0
 680    79.750      0      0      0      0      0      0      0      0      0      0      0      0
 681    80.000      0      0      0      0      0      0      0      0      0      0      0      0
 682    80.250      0      0      0      0      0      0      0      0      0      0      0      0
 683    80.500      0      0      0      0      0      0      0      0      0      0      0      0
 684    80.750      0      0      0      0      0      0      0      0      0      0      0      0
 685    81.000      0      0      0      0      0      0      0      0      0      0      0      0
 686    81.250      0      0      0      0      0      0      0      0      0      0      0      0
 687    81.500      0      0      0      0      0      0      0      0      0      0      0      0
 688    81.750      0      0      0      0      0      0      0      0      0      0      0      0
 689    82.000      0      0      0      0      0      0      0      0      0      0      0      0
 690    82.250      0      0      0      0      0      0      0      0      0      0      0      0
 691    82.500      0      0      0      0      0      0      0      0      0      0      0      0
 692    82.750      0      0      0      0      0      0      0      0      0      0      0      0
 693    83.000      0      0      0      0      0      0      0      0      0      0      0      0
 694    83.250      0      0      0      0      0      0      0      0      0      0      0      0
 695    83.500      0      0      0      0      0      0      0      0      0      0      0      0
 696    83.750      0      0      0      0      0      0      0      0      0      0      0      0
 697    84.000      0      0      0      0      0      0      0      0      0      0      0      0
 698    84.250      0      0      0      0      0      0      0      0      0      0      0      0
 699    84.500      0      0      0      0      0      0      0      0      0      0      0      0
 700    84.750      0      0      0      0      0      0      0      0      0      0      0      0
 701    85.000      0      0      0      0      0      0      0      0      0      0      0      0
 702    85.250      0      0      0      0      0      0      0      0      0      0      0      0
 703    85.500      0      0      0      0      0      0      0      0      0      0      0      0
 704    85.750      0      0      0      0      0      0      0      0      0      0      0      0
 705    86.000      0      0      0      0      0      0      0      0      0      0      0      0
 706    86.250      0      0      0      0      0      0      0      0      0      0      0      0
 707    86.500      0      0      0      0      0      0      0      0      0      0      0      0
 708    86.750      0      0      0      0      0      0      0      0      0      0      0      0
 709    87.000      0      0      0      0      0      0      0      0      0      0      0      0
 710    87.250      0      0      0      0      0      0      0      0      0      0      0      0
 711    87.500      0      0      0      0      0      0      0      0      0      0      0      0
 712    87.750      0      0      0      0      0      0      0      0      0      0      0      0
 713    88.000      0      0      0      0      0      0      0      0      0      0      0      0
 714    88.250      0      0      0      0      0      0      0      0      0      0      0      0
 715    88.500      0      0      0      0      0      0      0      0      0      0      0      0
 716    88.750      0      0      0      0      0      0      0      0      0      0      0      0
 717    89.000      0      0      0      0      0      0      0      0      0      0      0      0
 718    89.250      0      0      0      0      0      0      0      0      0      0      0      0
 719    89.500      0      0      0      0      0      0      0      0      0      0      0      0
 720    89.750      0      0      0      0      0      0      0      0      0      0      0      0
 721    90.000      0      0      0      0      0      0      0      0      0      0      0      0
 
last data file /discover/nobackup/projects/gmao/nwposse/develop/osse529/obs/Y2006/M06/D27/H18/osse529.diag_conv.20060627_18z.ods
sum of counts =     4207
