Channel Counts and Statistics
Data from  20 times
Last date and time:     20060627      180000
Last file of data: /discover/nobackup/projects/gmao/nwposse/develop/osse529/obs/Y2006/M06/D27/H18/osse529.diag_conv.20060627_18z.ods
Number of channels:  12
LatN, LatS:     90.0   -90.0
LonW, LonE:      0.0   360.0
Surface type: BOTH
 
Table 1: in, plevs, index_used, avg counts, means(omf,oma,amf), stdvs(omf,oma,amf), r=stdv(oma)/stdv(omf)
    1        0.00    0       0    0.000000    0.000000    0.000000    0.000000    0.000000    0.000000    0.000000
    2        0.00    0       0    0.000000    0.000000    0.000000    0.000000    0.000000    0.000000    0.000000
    3        0.00    0       0    0.000000    0.000000    0.000000    0.000000    0.000000    0.000000    0.000000
    4        0.00    0       0    0.000000    0.000000    0.000000    0.000000    0.000000    0.000000    0.000000
    5        0.00    0       0    0.000000    0.000000    0.000000    0.000000    0.000000    0.000000    0.000000
    6       71.43    0       0    0.000000    0.000000    0.000000    0.000000    0.000000    0.000000    0.000000
    7      214.29    0       0    0.000000    0.000000    0.000000    0.000000    0.000000    0.000000    0.000000
    8      357.14    0       0    0.000000    0.000000    0.000000    0.000000    0.000000    0.000000    0.000000
    9      500.00    0       0    0.000000    0.000000    0.000000    0.000000    0.000000    0.000000    0.000000
   10      642.86    0       0    0.000000    0.000000    0.000000    0.000000    0.000000    0.000000    0.000000
   11      785.71    0       0    0.000000    0.000000    0.000000    0.000000    0.000000    0.000000    0.000000
   12      928.57    1   14436   -0.015506   -0.023434   -0.007927    1.431156    1.325165    0.437356    0.925940
 
Table 2: Average number of obs in lat range per synop period
 
      channel=      1      2      3      4      5      6      7      8      9     10     11     12
 
   1   -90.000      0      0      0      0      0      0      0      0      0      0      0      0
   2   -89.750      0      0      0      0      0      0      0      0      0      0      0      0
   3   -89.500      0      0      0      0      0      0      0      0      0      0      0      0
   4   -89.250      0      0      0      0      0      0      0      0      0      0      0      0
   5   -89.000      0      0      0      0      0      0      0      0      0      0      0      1
   6   -88.750      0      0      0      0      0      0      0      0      0      0      0      0
   7   -88.500      0      0      0      0      0      0      0      0      0      0      0      0
   8   -88.250      0      0      0      0      0      0      0      0      0      0      0      0
   9   -88.000      0      0      0      0      0      0      0      0      0      0      0      0
  10   -87.750      0      0      0      0      0      0      0      0      0      0      0      0
  11   -87.500      0      0      0      0      0      0      0      0      0      0      0      0
  12   -87.250      0      0      0      0      0      0      0      0      0      0      0      0
  13   -87.000      0      0      0      0      0      0      0      0      0      0      0      0
  14   -86.750      0      0      0      0      0      0      0      0      0      0      0      0
  15   -86.500      0      0      0      0      0      0      0      0      0      0      0      0
  16   -86.250      0      0      0      0      0      0      0      0      0      0      0      0
  17   -86.000      0      0      0      0      0      0      0      0      0      0      0      0
  18   -85.750      0      0      0      0      0      0      0      0      0      0      0      0
  19   -85.500      0      0      0      0      0      0      0      0      0      0      0      0
  20   -85.250      0      0      0      0      0      0      0      0      0      0      0      0
  21   -85.000      0      0      0      0      0      0      0      0      0      0      0      0
  22   -84.750      0      0      0      0      0      0      0      0      0      0      0      0
  23   -84.500      0      0      0      0      0      0      0      0      0      0      0     20
  24   -84.250      0      0      0      0      0      0      0      0      0      0      0      0
  25   -84.000      0      0      0      0      0      0      0      0      0      0      0      3
  26   -83.750      0      0      0      0      0      0      0      0      0      0      0      0
  27   -83.500      0      0      0      0      0      0      0      0      0      0      0      0
  28   -83.250      0      0      0      0      0      0      0      0      0      0      0      0
  29   -83.000      0      0      0      0      0      0      0      0      0      0      0      0
  30   -82.750      0      0      0      0      0      0      0      0      0      0      0      0
  31   -82.500      0      0      0      0      0      0      0      0      0      0      0      1
  32   -82.250      0      0      0      0      0      0      0      0      0      0      0      0
  33   -82.000      0      0      0      0      0      0      0      0      0      0      0      0
  34   -81.750      0      0      0      0      0      0      0      0      0      0      0      0
  35   -81.500      0      0      0      0      0      0      0      0      0      0      0      0
  36   -81.250      0      0      0      0      0      0      0      0      0      0      0      0
  37   -81.000      0      0      0      0      0      0      0      0      0      0      0      0
  38   -80.750      0      0      0      0      0      0      0      0      0      0      0      0
  39   -80.500      0      0      0      0      0      0      0      0      0      0      0      0
  40   -80.250      0      0      0      0      0      0      0      0      0      0      0      0
  41   -80.000      0      0      0      0      0      0      0      0      0      0      0      3
  42   -79.750      0      0      0      0      0      0      0      0      0      0      0      0
  43   -79.500      0      0      0      0      0      0      0      0      0      0      0      0
  44   -79.250      0      0      0      0      0      0      0      0      0      0      0      0
  45   -79.000      0      0      0      0      0      0      0      0      0      0      0      0
  46   -78.750      0      0      0      0      0      0      0      0      0      0      0      0
  47   -78.500      0      0      0      0      0      0      0      0      0      0      0      5
  48   -78.250      0      0      0      0      0      0      0      0      0      0      0      0
  49   -78.000      0      0      0      0      0      0      0      0      0      0      0      0
  50   -77.750      0      0      0      0      0      0      0      0      0      0      0      2
  51   -77.500      0      0      0      0      0      0      0      0      0      0      0      4
  52   -77.250      0      0      0      0      0      0      0      0      0      0      0      0
  53   -77.000      0      0      0      0      0      0      0      0      0      0      0      0
  54   -76.750      0      0      0      0      0      0      0      0      0      0      0      4
  55   -76.500      0      0      0      0      0      0      0      0      0      0      0      0
  56   -76.250      0      0      0      0      0      0      0      0      0      0      0      0
  57   -76.000      0      0      0      0      0      0      0      0      0      0      0      0
  58   -75.750      0      0      0      0      0      0      0      0      0      0      0      0
  59   -75.500      0      0      0      0      0      0      0      0      0      0      0      5
  60   -75.250      0      0      0      0      0      0      0      0      0      0      0      0
  61   -75.000      0      0      0      0      0      0      0      0      0      0      0     19
  62   -74.750      0      0      0      0      0      0      0      0      0      0      0      2
  63   -74.500      0      0      0      0      0      0      0      0      0      0      0      0
  64   -74.250      0      0      0      0      0      0      0      0      0      0      0      0
  65   -74.000      0      0      0      0      0      0      0      0      0      0      0      0
  66   -73.750      0      0      0      0      0      0      0      0      0      0      0      0
  67   -73.500      0      0      0      0      0      0      0      0      0      0      0      4
  68   -73.250      0      0      0      0      0      0      0      0      0      0      0      0
  69   -73.000      0      0      0      0      0      0      0      0      0      0      0      0
  70   -72.750      0      0      0      0      0      0      0      0      0      0      0      0
  71   -72.500      0      0      0      0      0      0      0      0      0      0      0      0
  72   -72.250      0      0      0      0      0      0      0      0      0      0      0      1
  73   -72.000      0      0      0      0      0      0      0      0      0      0      0     10
  74   -71.750      0      0      0      0      0      0      0      0      0      0      0      0
  75   -71.500      0      0      0      0      0      0      0      0      0      0      0      0
  76   -71.250      0      0      0      0      0      0      0      0      0      0      0      0
  77   -71.000      0      0      0      0      0      0      0      0      0      0      0      0
  78   -70.750      0      0      0      0      0      0      0      0      0      0      0      2
  79   -70.500      0      0      0      0      0      0      0      0      0      0      0      0
  80   -70.250      0      0      0      0      0      0      0      0      0      0      0      0
  81   -70.000      0      0      0      0      0      0      0      0      0      0      0      0
  82   -69.750      0      0      0      0      0      0      0      0      0      0      0      0
  83   -69.500      0      0      0      0      0      0      0      0      0      0      0      0
  84   -69.250      0      0      0      0      0      0      0      0      0      0      0      2
  85   -69.000      0      0      0      0      0      0      0      0      0      0      0      1
  86   -68.750      0      0      0      0      0      0      0      0      0      0      0      0
  87   -68.500      0      0      0      0      0      0      0      0      0      0      0      1
  88   -68.250      0      0      0      0      0      0      0      0      0      0      0      1
  89   -68.000      0      0      0      0      0      0      0      0      0      0      0      0
  90   -67.750      0      0      0      0      0      0      0      0      0      0      0      0
  91   -67.500      0      0      0      0      0      0      0      0      0      0      0      6
  92   -67.250      0      0      0      0      0      0      0      0      0      0      0      0
  93   -67.000      0      0      0      0      0      0      0      0      0      0      0      5
  94   -66.750      0      0      0      0      0      0      0      0      0      0      0      1
  95   -66.500      0      0      0      0      0      0      0      0      0      0      0      0
  96   -66.250      0      0      0      0      0      0      0      0      0      0      0      0
  97   -66.000      0      0      0      0      0      0      0      0      0      0      0      0
  98   -65.750      0      0      0      0      0      0      0      0      0      0      0      0
  99   -65.500      0      0      0      0      0      0      0      0      0      0      0      0
 100   -65.250      0      0      0      0      0      0      0      0      0      0      0      0
 101   -65.000      0      0      0      0      0      0      0      0      0      0      0      0
 102   -64.750      0      0      0      0      0      0      0      0      0      0      0      1
 103   -64.500      0      0      0      0      0      0      0      0      0      0      0      0
 104   -64.250      0      0      0      0      0      0      0      0      0      0      0      0
 105   -64.000      0      0      0      0      0      0      0      0      0      0      0      0
 106   -63.750      0      0      0      0      0      0      0      0      0      0      0      0
 107   -63.500      0      0      0      0      0      0      0      0      0      0      0      0
 108   -63.250      0      0      0      0      0      0      0      0      0      0      0      0
 109   -63.000      0      0      0      0      0      0      0      0      0      0      0      0
 110   -62.750      0      0      0      0      0      0      0      0      0      0      0      0
 111   -62.500      0      0      0      0      0      0      0      0      0      0      0      1
 112   -62.250      0      0      0      0      0      0      0      0      0      0      0      5
 113   -62.000      0      0      0      0      0      0      0      0      0      0      0      0
 114   -61.750      0      0      0      0      0      0      0      0      0      0      0      0
 115   -61.500      0      0      0      0      0      0      0      0      0      0      0      0
 116   -61.250      0      0      0      0      0      0      0      0      0      0      0      0
 117   -61.000      0      0      0      0      0      0      0      0      0      0      0      0
 118   -60.750      0      0      0      0      0      0      0      0      0      0      0      0
 119   -60.500      0      0      0      0      0      0      0      0      0      0      0      0
 120   -60.250      0      0      0      0      0      0      0      0      0      0      0      0
 121   -60.000      0      0      0      0      0      0      0      0      0      0      0      0
 122   -59.750      0      0      0      0      0      0      0      0      0      0      0      0
 123   -59.500      0      0      0      0      0      0      0      0      0      0      0      0
 124   -59.250      0      0      0      0      0      0      0      0      0      0      0      0
 125   -59.000      0      0      0      0      0      0      0      0      0      0      0      0
 126   -58.750      0      0      0      0      0      0      0      0      0      0      0      0
 127   -58.500      0      0      0      0      0      0      0      0      0      0      0      0
 128   -58.250      0      0      0      0      0      0      0      0      0      0      0      0
 129   -58.000      0      0      0      0      0      0      0      0      0      0      0      0
 130   -57.750      0      0      0      0      0      0      0      0      0      0      0      0
 131   -57.500      0      0      0      0      0      0      0      0      0      0      0      0
 132   -57.250      0      0      0      0      0      0      0      0      0      0      0      0
 133   -57.000      0      0      0      0      0      0      0      0      0      0      0      0
 134   -56.750      0      0      0      0      0      0      0      0      0      0      0      0
 135   -56.500      0      0      0      0      0      0      0      0      0      0      0      0
 136   -56.250      0      0      0      0      0      0      0      0      0      0      0      0
 137   -56.000      0      0      0      0      0      0      0      0      0      0      0      0
 138   -55.750      0      0      0      0      0      0      0      0      0      0      0      0
 139   -55.500      0      0      0      0      0      0      0      0      0      0      0      0
 140   -55.250      0      0      0      0      0      0      0      0      0      0      0      0
 141   -55.000      0      0      0      0      0      0      0      0      0      0      0      0
 142   -54.750      0      0      0      0      0      0      0      0      0      0      0      4
 143   -54.500      0      0      0      0      0      0      0      0      0      0      0      2
 144   -54.250      0      0      0      0      0      0      0      0      0      0      0      4
 145   -54.000      0      0      0      0      0      0      0      0      0      0      0      4
 146   -53.750      0      0      0      0      0      0      0      0      0      0      0      4
 147   -53.500      0      0      0      0      0      0      0      0      0      0      0      0
 148   -53.250      0      0      0      0      0      0      0      0      0      0      0      0
 149   -53.000      0      0      0      0      0      0      0      0      0      0      0      1
 150   -52.750      0      0      0      0      0      0      0      0      0      0      0      0
 151   -52.500      0      0      0      0      0      0      0      0      0      0      0      1
 152   -52.250      0      0      0      0      0      0      0      0      0      0      0      5
 153   -52.000      0      0      0      0      0      0      0      0      0      0      0      0
 154   -51.750      0      0      0      0      0      0      0      0      0      0      0     12
 155   -51.500      0      0      0      0      0      0      0      0      0      0      0     11
 156   -51.250      0      0      0      0      0      0      0      0      0      0      0      0
 157   -51.000      0      0      0      0      0      0      0      0      0      0      0      0
 158   -50.750      0      0      0      0      0      0      0      0      0      0      0      0
 159   -50.500      0      0      0      0      0      0      0      0      0      0      0      1
 160   -50.250      0      0      0      0      0      0      0      0      0      0      0      4
 161   -50.000      0      0      0      0      0      0      0      0      0      0      0      0
 162   -49.750      0      0      0      0      0      0      0      0      0      0      0      0
 163   -49.500      0      0      0      0      0      0      0      0      0      0      0      0
 164   -49.250      0      0      0      0      0      0      0      0      0      0      0      8
 165   -49.000      0      0      0      0      0      0      0      0      0      0      0      0
 166   -48.750      0      0      0      0      0      0      0      0      0      0      0      0
 167   -48.500      0      0      0      0      0      0      0      0      0      0      0      0
 168   -48.250      0      0      0      0      0      0      0      0      0      0      0      0
 169   -48.000      0      0      0      0      0      0      0      0      0      0      0      0
 170   -47.750      0      0      0      0      0      0      0      0      0      0      0      3
 171   -47.500      0      0      0      0      0      0      0      0      0      0      0      0
 172   -47.250      0      0      0      0      0      0      0      0      0      0      0      1
 173   -47.000      0      0      0      0      0      0      0      0      0      0      0      0
 174   -46.750      0      0      0      0      0      0      0      0      0      0      0      0
 175   -46.500      0      0      0      0      0      0      0      0      0      0      0      3
 176   -46.250      0      0      0      0      0      0      0      0      0      0      0      1
 177   -46.000      0      0      0      0      0      0      0      0      0      0      0      1
 178   -45.750      0      0      0      0      0      0      0      0      0      0      0      4
 179   -45.500      0      0      0      0      0      0      0      0      0      0      0      1
 180   -45.250      0      0      0      0      0      0      0      0      0      0      0      0
 181   -45.000      0      0      0      0      0      0      0      0      0      0      0      1
 182   -44.750      0      0      0      0      0      0      0      0      0      0      0      0
 183   -44.500      0      0      0      0      0      0      0      0      0      0      0      0
 184   -44.250      0      0      0      0      0      0      0      0      0      0      0      1
 185   -44.000      0      0      0      0      0      0      0      0      0      0      0      0
 186   -43.750      0      0      0      0      0      0      0      0      0      0      0      6
 187   -43.500      0      0      0      0      0      0      0      0      0      0      0      6
 188   -43.250      0      0      0      0      0      0      0      0      0      0      0     10
 189   -43.000      0      0      0      0      0      0      0      0      0      0      0     16
 190   -42.750      0      0      0      0      0      0      0      0      0      0      0     11
 191   -42.500      0      0      0      0      0      0      0      0      0      0      0     10
 192   -42.250      0      0      0      0      0      0      0      0      0      0      0      6
 193   -42.000      0      0      0      0      0      0      0      0      0      0      0     11
 194   -41.750      0      0      0      0      0      0      0      0      0      0      0      6
 195   -41.500      0      0      0      0      0      0      0      0      0      0      0      0
 196   -41.250      0      0      0      0      0      0      0      0      0      0      0     16
 197   -41.000      0      0      0      0      0      0      0      0      0      0      0     17
 198   -40.750      0      0      0      0      0      0      0      0      0      0      0     28
 199   -40.500      0      0      0      0      0      0      0      0      0      0      0      1
 200   -40.250      0      0      0      0      0      0      0      0      0      0      0      2
 201   -40.000      0      0      0      0      0      0      0      0      0      0      0      9
 202   -39.750      0      0      0      0      0      0      0      0      0      0      0      1
 203   -39.500      0      0      0      0      0      0      0      0      0      0      0      1
 204   -39.250      0      0      0      0      0      0      0      0      0      0      0      4
 205   -39.000      0      0      0      0      0      0      0      0      0      0      0      7
 206   -38.750      0      0      0      0      0      0      0      0      0      0      0     16
 207   -38.500      0      0      0      0      0      0      0      0      0      0      0     18
 208   -38.250      0      0      0      0      0      0      0      0      0      0      0     28
 209   -38.000      0      0      0      0      0      0      0      0      0      0      0     32
 210   -37.750      0      0      0      0      0      0      0      0      0      0      0     54
 211   -37.500      0      0      0      0      0      0      0      0      0      0      0     25
 212   -37.250      0      0      0      0      0      0      0      0      0      0      0     22
 213   -37.000      0      0      0      0      0      0      0      0      0      0      0     45
 214   -36.750      0      0      0      0      0      0      0      0      0      0      0     24
 215   -36.500      0      0      0      0      0      0      0      0      0      0      0     19
 216   -36.250      0      0      0      0      0      0      0      0      0      0      0     30
 217   -36.000      0      0      0      0      0      0      0      0      0      0      0     21
 218   -35.750      0      0      0      0      0      0      0      0      0      0      0     28
 219   -35.500      0      0      0      0      0      0      0      0      0      0      0     28
 220   -35.250      0      0      0      0      0      0      0      0      0      0      0     52
 221   -35.000      0      0      0      0      0      0      0      0      0      0      0     46
 222   -34.750      0      0      0      0      0      0      0      0      0      0      0     43
 223   -34.500      0      0      0      0      0      0      0      0      0      0      0     69
 224   -34.250      0      0      0      0      0      0      0      0      0      0      0     39
 225   -34.000      0      0      0      0      0      0      0      0      0      0      0     48
 226   -33.750      0      0      0      0      0      0      0      0      0      0      0     48
 227   -33.500      0      0      0      0      0      0      0      0      0      0      0     25
 228   -33.250      0      0      0      0      0      0      0      0      0      0      0     24
 229   -33.000      0      0      0      0      0      0      0      0      0      0      0     54
 230   -32.750      0      0      0      0      0      0      0      0      0      0      0     28
 231   -32.500      0      0      0      0      0      0      0      0      0      0      0     24
 232   -32.250      0      0      0      0      0      0      0      0      0      0      0     22
 233   -32.000      0      0      0      0      0      0      0      0      0      0      0     46
 234   -31.750      0      0      0      0      0      0      0      0      0      0      0     25
 235   -31.500      0      0      0      0      0      0      0      0      0      0      0     44
 236   -31.250      0      0      0      0      0      0      0      0      0      0      0     26
 237   -31.000      0      0      0      0      0      0      0      0      0      0      0     24
 238   -30.750      0      0      0      0      0      0      0      0      0      0      0     21
 239   -30.500      0      0      0      0      0      0      0      0      0      0      0     21
 240   -30.250      0      0      0      0      0      0      0      0      0      0      0     15
 241   -30.000      0      0      0      0      0      0      0      0      0      0      0     18
 242   -29.750      0      0      0      0      0      0      0      0      0      0      0     30
 243   -29.500      0      0      0      0      0      0      0      0      0      0      0     20
 244   -29.250      0      0      0      0      0      0      0      0      0      0      0     17
 245   -29.000      0      0      0      0      0      0      0      0      0      0      0     17
 246   -28.750      0      0      0      0      0      0      0      0      0      0      0     23
 247   -28.500      0      0      0      0      0      0      0      0      0      0      0     14
 248   -28.250      0      0      0      0      0      0      0      0      0      0      0     12
 249   -28.000      0      0      0      0      0      0      0      0      0      0      0     22
 250   -27.750      0      0      0      0      0      0      0      0      0      0      0     16
 251   -27.500      0      0      0      0      0      0      0      0      0      0      0     43
 252   -27.250      0      0      0      0      0      0      0      0      0      0      0     12
 253   -27.000      0      0      0      0      0      0      0      0      0      0      0      5
 254   -26.750      0      0      0      0      0      0      0      0      0      0      0     22
 255   -26.500      0      0      0      0      0      0      0      0      0      0      0     20
 256   -26.250      0      0      0      0      0      0      0      0      0      0      0     24
 257   -26.000      0      0      0      0      0      0      0      0      0      0      0     10
 258   -25.750      0      0      0      0      0      0      0      0      0      0      0     12
 259   -25.500      0      0      0      0      0      0      0      0      0      0      0     12
 260   -25.250      0      0      0      0      0      0      0      0      0      0      0     13
 261   -25.000      0      0      0      0      0      0      0      0      0      0      0     13
 262   -24.750      0      0      0      0      0      0      0      0      0      0      0     14
 263   -24.500      0      0      0      0      0      0      0      0      0      0      0     12
 264   -24.250      0      0      0      0      0      0      0      0      0      0      0      5
 265   -24.000      0      0      0      0      0      0      0      0      0      0      0      7
 266   -23.750      0      0      0      0      0      0      0      0      0      0      0     15
 267   -23.500      0      0      0      0      0      0      0      0      0      0      0     20
 268   -23.250      0      0      0      0      0      0      0      0      0      0      0     27
 269   -23.000      0      0      0      0      0      0      0      0      0      0      0     10
 270   -22.750      0      0      0      0      0      0      0      0      0      0      0     12
 271   -22.500      0      0      0      0      0      0      0      0      0      0      0     11
 272   -22.250      0      0      0      0      0      0      0      0      0      0      0     10
 273   -22.000      0      0      0      0      0      0      0      0      0      0      0      8
 274   -21.750      0      0      0      0      0      0      0      0      0      0      0     16
 275   -21.500      0      0      0      0      0      0      0      0      0      0      0      3
 276   -21.250      0      0      0      0      0      0      0      0      0      0      0     11
 277   -21.000      0      0      0      0      0      0      0      0      0      0      0      9
 278   -20.750      0      0      0      0      0      0      0      0      0      0      0     23
 279   -20.500      0      0      0      0      0      0      0      0      0      0      0      9
 280   -20.250      0      0      0      0      0      0      0      0      0      0      0     13
 281   -20.000      0      0      0      0      0      0      0      0      0      0      0      3
 282   -19.750      0      0      0      0      0      0      0      0      0      0      0     12
 283   -19.500      0      0      0      0      0      0      0      0      0      0      0      8
 284   -19.250      0      0      0      0      0      0      0      0      0      0      0      4
 285   -19.000      0      0      0      0      0      0      0      0      0      0      0      3
 286   -18.750      0      0      0      0      0      0      0      0      0      0      0      9
 287   -18.500      0      0      0      0      0      0      0      0      0      0      0      3
 288   -18.250      0      0      0      0      0      0      0      0      0      0      0     17
 289   -18.000      0      0      0      0      0      0      0      0      0      0      0     12
 290   -17.750      0      0      0      0      0      0      0      0      0      0      0      9
 291   -17.500      0      0      0      0      0      0      0      0      0      0      0     10
 292   -17.250      0      0      0      0      0      0      0      0      0      0      0      6
 293   -17.000      0      0      0      0      0      0      0      0      0      0      0      6
 294   -16.750      0      0      0      0      0      0      0      0      0      0      0     13
 295   -16.500      0      0      0      0      0      0      0      0      0      0      0     15
 296   -16.250      0      0      0      0      0      0      0      0      0      0      0     10
 297   -16.000      0      0      0      0      0      0      0      0      0      0      0     21
 298   -15.750      0      0      0      0      0      0      0      0      0      0      0     18
 299   -15.500      0      0      0      0      0      0      0      0      0      0      0     19
 300   -15.250      0      0      0      0      0      0      0      0      0      0      0      0
 301   -15.000      0      0      0      0      0      0      0      0      0      0      0      5
 302   -14.750      0      0      0      0      0      0      0      0      0      0      0      5
 303   -14.500      0      0      0      0      0      0      0      0      0      0      0      7
 304   -14.250      0      0      0      0      0      0      0      0      0      0      0     11
 305   -14.000      0      0      0      0      0      0      0      0      0      0      0     14
 306   -13.750      0      0      0      0      0      0      0      0      0      0      0     18
 307   -13.500      0      0      0      0      0      0      0      0      0      0      0      0
 308   -13.250      0      0      0      0      0      0      0      0      0      0      0      7
 309   -13.000      0      0      0      0      0      0      0      0      0      0      0      6
 310   -12.750      0      0      0      0      0      0      0      0      0      0      0     24
 311   -12.500      0      0      0      0      0      0      0      0      0      0      0     18
 312   -12.250      0      0      0      0      0      0      0      0      0      0      0      8
 313   -12.000      0      0      0      0      0      0      0      0      0      0      0     16
 314   -11.750      0      0      0      0      0      0      0      0      0      0      0      8
 315   -11.500      0      0      0      0      0      0      0      0      0      0      0      8
 316   -11.250      0      0      0      0      0      0      0      0      0      0      0      3
 317   -11.000      0      0      0      0      0      0      0      0      0      0      0      9
 318   -10.750      0      0      0      0      0      0      0      0      0      0      0      2
 319   -10.500      0      0      0      0      0      0      0      0      0      0      0      8
 320   -10.250      0      0      0      0      0      0      0      0      0      0      0      2
 321   -10.000      0      0      0      0      0      0      0      0      0      0      0      3
 322    -9.750      0      0      0      0      0      0      0      0      0      0      0      6
 323    -9.500      0      0      0      0      0      0      0      0      0      0      0      2
 324    -9.250      0      0      0      0      0      0      0      0      0      0      0      0
 325    -9.000      0      0      0      0      0      0      0      0      0      0      0      0
 326    -8.750      0      0      0      0      0      0      0      0      0      0      0      3
 327    -8.500      0      0      0      0      0      0      0      0      0      0      0      4
 328    -8.250      0      0      0      0      0      0      0      0      0      0      0      4
 329    -8.000      0      0      0      0      0      0      0      0      0      0      0      3
 330    -7.750      0      0      0      0      0      0      0      0      0      0      0      1
 331    -7.500      0      0      0      0      0      0      0      0      0      0      0      0
 332    -7.250      0      0      0      0      0      0      0      0      0      0      0      5
 333    -7.000      0      0      0      0      0      0      0      0      0      0      0      4
 334    -6.750      0      0      0      0      0      0      0      0      0      0      0      5
 335    -6.500      0      0      0      0      0      0      0      0      0      0      0      0
 336    -6.250      0      0      0      0      0      0      0      0      0      0      0      4
 337    -6.000      0      0      0      0      0      0      0      0      0      0      0      5
 338    -5.750      0      0      0      0      0      0      0      0      0      0      0      2
 339    -5.500      0      0      0      0      0      0      0      0      0      0      0      1
 340    -5.250      0      0      0      0      0      0      0      0      0      0      0      1
 341    -5.000      0      0      0      0      0      0      0      0      0      0      0      5
 342    -4.750      0      0      0      0      0      0      0      0      0      0      0      1
 343    -4.500      0      0      0      0      0      0      0      0      0      0      0      1
 344    -4.250      0      0      0      0      0      0      0      0      0      0      0      4
 345    -4.000      0      0      0      0      0      0      0      0      0      0      0      5
 346    -3.750      0      0      0      0      0      0      0      0      0      0      0      6
 347    -3.500      0      0      0      0      0      0      0      0      0      0      0      2
 348    -3.250      0      0      0      0      0      0      0      0      0      0      0      4
 349    -3.000      0      0      0      0      0      0      0      0      0      0      0      2
 350    -2.750      0      0      0      0      0      0      0      0      0      0      0      4
 351    -2.500      0      0      0      0      0      0      0      0      0      0      0      5
 352    -2.250      0      0      0      0      0      0      0      0      0      0      0      3
 353    -2.000      0      0      0      0      0      0      0      0      0      0      0      2
 354    -1.750      0      0      0      0      0      0      0      0      0      0      0      5
 355    -1.500      0      0      0      0      0      0      0      0      0      0      0      3
 356    -1.250      0      0      0      0      0      0      0      0      0      0      0      3
 357    -1.000      0      0      0      0      0      0      0      0      0      0      0      6
 358    -0.750      0      0      0      0      0      0      0      0      0      0      0      3
 359    -0.500      0      0      0      0      0      0      0      0      0      0      0      2
 360    -0.250      0      0      0      0      0      0      0      0      0      0      0      3
 361     0.000      0      0      0      0      0      0      0      0      0      0      0      1
 362     0.250      0      0      0      0      0      0      0      0      0      0      0      0
 363     0.500      0      0      0      0      0      0      0      0      0      0      0      3
 364     0.750      0      0      0      0      0      0      0      0      0      0      0      1
 365     1.000      0      0      0      0      0      0      0      0      0      0      0      4
 366     1.250      0      0      0      0      0      0      0      0      0      0      0      2
 367     1.500      0      0      0      0      0      0      0      0      0      0      0      6
 368     1.750      0      0      0      0      0      0      0      0      0      0      0      2
 369     2.000      0      0      0      0      0      0      0      0      0      0      0      3
 370     2.250      0      0      0      0      0      0      0      0      0      0      0      2
 371     2.500      0      0      0      0      0      0      0      0      0      0      0      1
 372     2.750      0      0      0      0      0      0      0      0      0      0      0      3
 373     3.000      0      0      0      0      0      0      0      0      0      0      0      1
 374     3.250      0      0      0      0      0      0      0      0      0      0      0      2
 375     3.500      0      0      0      0      0      0      0      0      0      0      0      1
 376     3.750      0      0      0      0      0      0      0      0      0      0      0      4
 377     4.000      0      0      0      0      0      0      0      0      0      0      0      1
 378     4.250      0      0      0      0      0      0      0      0      0      0      0      6
 379     4.500      0      0      0      0      0      0      0      0      0      0      0      4
 380     4.750      0      0      0      0      0      0      0      0      0      0      0      4
 381     5.000      0      0      0      0      0      0      0      0      0      0      0      1
 382     5.250      0      0      0      0      0      0      0      0      0      0      0      5
 383     5.500      0      0      0      0      0      0      0      0      0      0      0      3
 384     5.750      0      0      0      0      0      0      0      0      0      0      0      1
 385     6.000      0      0      0      0      0      0      0      0      0      0      0      6
 386     6.250      0      0      0      0      0      0      0      0      0      0      0      8
 387     6.500      0      0      0      0      0      0      0      0      0      0      0      2
 388     6.750      0      0      0      0      0      0      0      0      0      0      0      8
 389     7.000      0      0      0      0      0      0      0      0      0      0      0     10
 390     7.250      0      0      0      0      0      0      0      0      0      0      0      6
 391     7.500      0      0      0      0      0      0      0      0      0      0      0      6
 392     7.750      0      0      0      0      0      0      0      0      0      0      0      3
 393     8.000      0      0      0      0      0      0      0      0      0      0      0      8
 394     8.250      0      0      0      0      0      0      0      0      0      0      0      7
 395     8.500      0      0      0      0      0      0      0      0      0      0      0     15
 396     8.750      0      0      0      0      0      0      0      0      0      0      0      9
 397     9.000      0      0      0      0      0      0      0      0      0      0      0      2
 398     9.250      0      0      0      0      0      0      0      0      0      0      0      8
 399     9.500      0      0      0      0      0      0      0      0      0      0      0     16
 400     9.750      0      0      0      0      0      0      0      0      0      0      0      4
 401    10.000      0      0      0      0      0      0      0      0      0      0      0     11
 402    10.250      0      0      0      0      0      0      0      0      0      0      0      8
 403    10.500      0      0      0      0      0      0      0      0      0      0      0      9
 404    10.750      0      0      0      0      0      0      0      0      0      0      0     11
 405    11.000      0      0      0      0      0      0      0      0      0      0      0     30
 406    11.250      0      0      0      0      0      0      0      0      0      0      0     21
 407    11.500      0      0      0      0      0      0      0      0      0      0      0      8
 408    11.750      0      0      0      0      0      0      0      0      0      0      0     10
 409    12.000      0      0      0      0      0      0      0      0      0      0      0      5
 410    12.250      0      0      0      0      0      0      0      0      0      0      0     11
 411    12.500      0      0      0      0      0      0      0      0      0      0      0     16
 412    12.750      0      0      0      0      0      0      0      0      0      0      0     11
 413    13.000      0      0      0      0      0      0      0      0      0      0      0     35
 414    13.250      0      0      0      0      0      0      0      0      0      0      0     18
 415    13.500      0      0      0      0      0      0      0      0      0      0      0     12
 416    13.750      0      0      0      0      0      0      0      0      0      0      0     13
 417    14.000      0      0      0      0      0      0      0      0      0      0      0     19
 418    14.250      0      0      0      0      0      0      0      0      0      0      0      6
 419    14.500      0      0      0      0      0      0      0      0      0      0      0     10
 420    14.750      0      0      0      0      0      0      0      0      0      0      0     12
 421    15.000      0      0      0      0      0      0      0      0      0      0      0      7
 422    15.250      0      0      0      0      0      0      0      0      0      0      0     14
 423    15.500      0      0      0      0      0      0      0      0      0      0      0     19
 424    15.750      0      0      0      0      0      0      0      0      0      0      0     11
 425    16.000      0      0      0      0      0      0      0      0      0      0      0     21
 426    16.250      0      0      0      0      0      0      0      0      0      0      0     21
 427    16.500      0      0      0      0      0      0      0      0      0      0      0     24
 428    16.750      0      0      0      0      0      0      0      0      0      0      0     14
 429    17.000      0      0      0      0      0      0      0      0      0      0      0     19
 430    17.250      0      0      0      0      0      0      0      0      0      0      0     20
 431    17.500      0      0      0      0      0      0      0      0      0      0      0     24
 432    17.750      0      0      0      0      0      0      0      0      0      0      0     18
 433    18.000      0      0      0      0      0      0      0      0      0      0      0      9
 434    18.250      0      0      0      0      0      0      0      0      0      0      0     23
 435    18.500      0      0      0      0      0      0      0      0      0      0      0     18
 436    18.750      0      0      0      0      0      0      0      0      0      0      0     17
 437    19.000      0      0      0      0      0      0      0      0      0      0      0     26
 438    19.250      0      0      0      0      0      0      0      0      0      0      0     11
 439    19.500      0      0      0      0      0      0      0      0      0      0      0     11
 440    19.750      0      0      0      0      0      0      0      0      0      0      0     23
 441    20.000      0      0      0      0      0      0      0      0      0      0      0     23
 442    20.250      0      0      0      0      0      0      0      0      0      0      0     12
 443    20.500      0      0      0      0      0      0      0      0      0      0      0     14
 444    20.750      0      0      0      0      0      0      0      0      0      0      0     18
 445    21.000      0      0      0      0      0      0      0      0      0      0      0     27
 446    21.250      0      0      0      0      0      0      0      0      0      0      0     16
 447    21.500      0      0      0      0      0      0      0      0      0      0      0     15
 448    21.750      0      0      0      0      0      0      0      0      0      0      0      8
 449    22.000      0      0      0      0      0      0      0      0      0      0      0     15
 450    22.250      0      0      0      0      0      0      0      0      0      0      0     28
 451    22.500      0      0      0      0      0      0      0      0      0      0      0     27
 452    22.750      0      0      0      0      0      0      0      0      0      0      0     20
 453    23.000      0      0      0      0      0      0      0      0      0      0      0     13
 454    23.250      0      0      0      0      0      0      0      0      0      0      0     24
 455    23.500      0      0      0      0      0      0      0      0      0      0      0     20
 456    23.750      0      0      0      0      0      0      0      0      0      0      0     12
 457    24.000      0      0      0      0      0      0      0      0      0      0      0     13
 458    24.250      0      0      0      0      0      0      0      0      0      0      0     30
 459    24.500      0      0      0      0      0      0      0      0      0      0      0     20
 460    24.750      0      0      0      0      0      0      0      0      0      0      0     21
 461    25.000      0      0      0      0      0      0      0      0      0      0      0     26
 462    25.250      0      0      0      0      0      0      0      0      0      0      0     22
 463    25.500      0      0      0      0      0      0      0      0      0      0      0     13
 464    25.750      0      0      0      0      0      0      0      0      0      0      0     23
 465    26.000      0      0      0      0      0      0      0      0      0      0      0     27
 466    26.250      0      0      0      0      0      0      0      0      0      0      0     41
 467    26.500      0      0      0      0      0      0      0      0      0      0      0     51
 468    26.750      0      0      0      0      0      0      0      0      0      0      0     21
 469    27.000      0      0      0      0      0      0      0      0      0      0      0     22
 470    27.250      0      0      0      0      0      0      0      0      0      0      0     13
 471    27.500      0      0      0      0      0      0      0      0      0      0      0     10
 472    27.750      0      0      0      0      0      0      0      0      0      0      0      6
 473    28.000      0      0      0      0      0      0      0      0      0      0      0     13
 474    28.250      0      0      0      0      0      0      0      0      0      0      0      5
 475    28.500      0      0      0      0      0      0      0      0      0      0      0     39
 476    28.750      0      0      0      0      0      0      0      0      0      0      0     12
 477    29.000      0      0      0      0      0      0      0      0      0      0      0     23
 478    29.250      0      0      0      0      0      0      0      0      0      0      0      9
 479    29.500      0      0      0      0      0      0      0      0      0      0      0     17
 480    29.750      0      0      0      0      0      0      0      0      0      0      0      5
 481    30.000      0      0      0      0      0      0      0      0      0      0      0     17
 482    30.250      0      0      0      0      0      0      0      0      0      0      0     23
 483    30.500      0      0      0      0      0      0      0      0      0      0      0     27
 484    30.750      0      0      0      0      0      0      0      0      0      0      0     24
 485    31.000      0      0      0      0      0      0      0      0      0      0      0     23
 486    31.250      0      0      0      0      0      0      0      0      0      0      0     21
 487    31.500      0      0      0      0      0      0      0      0      0      0      0     29
 488    31.750      0      0      0      0      0      0      0      0      0      0      0     10
 489    32.000      0      0      0      0      0      0      0      0      0      0      0     25
 490    32.250      0      0      0      0      0      0      0      0      0      0      0     29
 491    32.500      0      0      0      0      0      0      0      0      0      0      0     17
 492    32.750      0      0      0      0      0      0      0      0      0      0      0     39
 493    33.000      0      0      0      0      0      0      0      0      0      0      0     24
 494    33.250      0      0      0      0      0      0      0      0      0      0      0     30
 495    33.500      0      0      0      0      0      0      0      0      0      0      0     26
 496    33.750      0      0      0      0      0      0      0      0      0      0      0     23
 497    34.000      0      0      0      0      0      0      0      0      0      0      0     42
 498    34.250      0      0      0      0      0      0      0      0      0      0      0     40
 499    34.500      0      0      0      0      0      0      0      0      0      0      0     31
 500    34.750      0      0      0      0      0      0      0      0      0      0      0     54
 501    35.000      0      0      0      0      0      0      0      0      0      0      0     42
 502    35.250      0      0      0      0      0      0      0      0      0      0      0     28
 503    35.500      0      0      0      0      0      0      0      0      0      0      0     64
 504    35.750      0      0      0      0      0      0      0      0      0      0      0     28
 505    36.000      0      0      0      0      0      0      0      0      0      0      0     23
 506    36.250      0      0      0      0      0      0      0      0      0      0      0     43
 507    36.500      0      0      0      0      0      0      0      0      0      0      0     33
 508    36.750      0      0      0      0      0      0      0      0      0      0      0     65
 509    37.000      0      0      0      0      0      0      0      0      0      0      0     45
 510    37.250      0      0      0      0      0      0      0      0      0      0      0     39
 511    37.500      0      0      0      0      0      0      0      0      0      0      0     37
 512    37.750      0      0      0      0      0      0      0      0      0      0      0     38
 513    38.000      0      0      0      0      0      0      0      0      0      0      0     58
 514    38.250      0      0      0      0      0      0      0      0      0      0      0     36
 515    38.500      0      0      0      0      0      0      0      0      0      0      0     35
 516    38.750      0      0      0      0      0      0      0      0      0      0      0     47
 517    39.000      0      0      0      0      0      0      0      0      0      0      0     48
 518    39.250      0      0      0      0      0      0      0      0      0      0      0     27
 519    39.500      0      0      0      0      0      0      0      0      0      0      0     27
 520    39.750      0      0      0      0      0      0      0      0      0      0      0     53
 521    40.000      0      0      0      0      0      0      0      0      0      0      0     56
 522    40.250      0      0      0      0      0      0      0      0      0      0      0     38
 523    40.500      0      0      0      0      0      0      0      0      0      0      0     45
 524    40.750      0      0      0      0      0      0      0      0      0      0      0     85
 525    41.000      0      0      0      0      0      0      0      0      0      0      0     57
 526    41.250      0      0      0      0      0      0      0      0      0      0      0     57
 527    41.500      0      0      0      0      0      0      0      0      0      0      0     29
 528    41.750      0      0      0      0      0      0      0      0      0      0      0     64
 529    42.000      0      0      0      0      0      0      0      0      0      0      0     47
 530    42.250      0      0      0      0      0      0      0      0      0      0      0     50
 531    42.500      0      0      0      0      0      0      0      0      0      0      0     64
 532    42.750      0      0      0      0      0      0      0      0      0      0      0     48
 533    43.000      0      0      0      0      0      0      0      0      0      0      0     77
 534    43.250      0      0      0      0      0      0      0      0      0      0      0     68
 535    43.500      0      0      0      0      0      0      0      0      0      0      0     94
 536    43.750      0      0      0      0      0      0      0      0      0      0      0     91
 537    44.000      0      0      0      0      0      0      0      0      0      0      0    111
 538    44.250      0      0      0      0      0      0      0      0      0      0      0     91
 539    44.500      0      0      0      0      0      0      0      0      0      0      0    111
 540    44.750      0      0      0      0      0      0      0      0      0      0      0    114
 541    45.000      0      0      0      0      0      0      0      0      0      0      0    106
 542    45.250      0      0      0      0      0      0      0      0      0      0      0    127
 543    45.500      0      0      0      0      0      0      0      0      0      0      0    123
 544    45.750      0      0      0      0      0      0      0      0      0      0      0    141
 545    46.000      0      0      0      0      0      0      0      0      0      0      0    116
 546    46.250      0      0      0      0      0      0      0      0      0      0      0    142
 547    46.500      0      0      0      0      0      0      0      0      0      0      0    150
 548    46.750      0      0      0      0      0      0      0      0      0      0      0    214
 549    47.000      0      0      0      0      0      0      0      0      0      0      0    190
 550    47.250      0      0      0      0      0      0      0      0      0      0      0    218
 551    47.500      0      0      0      0      0      0      0      0      0      0      0    168
 552    47.750      0      0      0      0      0      0      0      0      0      0      0    174
 553    48.000      0      0      0      0      0      0      0      0      0      0      0    119
 554    48.250      0      0      0      0      0      0      0      0      0      0      0    157
 555    48.500      0      0      0      0      0      0      0      0      0      0      0    155
 556    48.750      0      0      0      0      0      0      0      0      0      0      0    153
 557    49.000      0      0      0      0      0      0      0      0      0      0      0    119
 558    49.250      0      0      0      0      0      0      0      0      0      0      0    153
 559    49.500      0      0      0      0      0      0      0      0      0      0      0    113
 560    49.750      0      0      0      0      0      0      0      0      0      0      0    100
 561    50.000      0      0      0      0      0      0      0      0      0      0      0    110
 562    50.250      0      0      0      0      0      0      0      0      0      0      0     72
 563    50.500      0      0      0      0      0      0      0      0      0      0      0     99
 564    50.750      0      0      0      0      0      0      0      0      0      0      0    113
 565    51.000      0      0      0      0      0      0      0      0      0      0      0     91
 566    51.250      0      0      0      0      0      0      0      0      0      0      0    119
 567    51.500      0      0      0      0      0      0      0      0      0      0      0    121
 568    51.750      0      0      0      0      0      0      0      0      0      0      0     98
 569    52.000      0      0      0      0      0      0      0      0      0      0      0     89
 570    52.250      0      0      0      0      0      0      0      0      0      0      0    107
 571    52.500      0      0      0      0      0      0      0      0      0      0      0     56
 572    52.750      0      0      0      0      0      0      0      0      0      0      0     74
 573    53.000      0      0      0      0      0      0      0      0      0      0      0     86
 574    53.250      0      0      0      0      0      0      0      0      0      0      0     96
 575    53.500      0      0      0      0      0      0      0      0      0      0      0     77
 576    53.750      0      0      0      0      0      0      0      0      0      0      0     76
 577    54.000      0      0      0      0      0      0      0      0      0      0      0     61
 578    54.250      0      0      0      0      0      0      0      0      0      0      0    111
 579    54.500      0      0      0      0      0      0      0      0      0      0      0     89
 580    54.750      0      0      0      0      0      0      0      0      0      0      0     80
 581    55.000      0      0      0      0      0      0      0      0      0      0      0     35
 582    55.250      0      0      0      0      0      0      0      0      0      0      0     69
 583    55.500      0      0      0      0      0      0      0      0      0      0      0     76
 584    55.750      0      0      0      0      0      0      0      0      0      0      0     51
 585    56.000      0      0      0      0      0      0      0      0      0      0      0     46
 586    56.250      0      0      0      0      0      0      0      0      0      0      0     54
 587    56.500      0      0      0      0      0      0      0      0      0      0      0     32
 588    56.750      0      0      0      0      0      0      0      0      0      0      0     55
 589    57.000      0      0      0      0      0      0      0      0      0      0      0     23
 590    57.250      0      0      0      0      0      0      0      0      0      0      0     33
 591    57.500      0      0      0      0      0      0      0      0      0      0      0     11
 592    57.750      0      0      0      0      0      0      0      0      0      0      0     91
 593    58.000      0      0      0      0      0      0      0      0      0      0      0     34
 594    58.250      0      0      0      0      0      0      0      0      0      0      0     45
 595    58.500      0      0      0      0      0      0      0      0      0      0      0     72
 596    58.750      0      0      0      0      0      0      0      0      0      0      0     55
 597    59.000      0      0      0      0      0      0      0      0      0      0      0     61
 598    59.250      0      0      0      0      0      0      0      0      0      0      0     72
 599    59.500      0      0      0      0      0      0      0      0      0      0      0     57
 600    59.750      0      0      0      0      0      0      0      0      0      0      0     46
 601    60.000      0      0      0      0      0      0      0      0      0      0      0     64
 602    60.250      0      0      0      0      0      0      0      0      0      0      0     66
 603    60.500      0      0      0      0      0      0      0      0      0      0      0     51
 604    60.750      0      0      0      0      0      0      0      0      0      0      0     36
 605    61.000      0      0      0      0      0      0      0      0      0      0      0     49
 606    61.250      0      0      0      0      0      0      0      0      0      0      0     61
 607    61.500      0      0      0      0      0      0      0      0      0      0      0     33
 608    61.750      0      0      0      0      0      0      0      0      0      0      0     38
 609    62.000      0      0      0      0      0      0      0      0      0      0      0     45
 610    62.250      0      0      0      0      0      0      0      0      0      0      0     37
 611    62.500      0      0      0      0      0      0      0      0      0      0      0     63
 612    62.750      0      0      0      0      0      0      0      0      0      0      0     31
 613    63.000      0      0      0      0      0      0      0      0      0      0      0     36
 614    63.250      0      0      0      0      0      0      0      0      0      0      0     26
 615    63.500      0      0      0      0      0      0      0      0      0      0      0     43
 616    63.750      0      0      0      0      0      0      0      0      0      0      0     37
 617    64.000      0      0      0      0      0      0      0      0      0      0      0     19
 618    64.250      0      0      0      0      0      0      0      0      0      0      0     42
 619    64.500      0      0      0      0      0      0      0      0      0      0      0     25
 620    64.750      0      0      0      0      0      0      0      0      0      0      0     17
 621    65.000      0      0      0      0      0      0      0      0      0      0      0     21
 622    65.250      0      0      0      0      0      0      0      0      0      0      0     13
 623    65.500      0      0      0      0      0      0      0      0      0      0      0     36
 624    65.750      0      0      0      0      0      0      0      0      0      0      0     34
 625    66.000      0      0      0      0      0      0      0      0      0      0      0     25
 626    66.250      0      0      0      0      0      0      0      0      0      0      0     28
 627    66.500      0      0      0      0      0      0      0      0      0      0      0     16
 628    66.750      0      0      0      0      0      0      0      0      0      0      0     37
 629    67.000      0      0      0      0      0      0      0      0      0      0      0     14
 630    67.250      0      0      0      0      0      0      0      0      0      0      0     24
 631    67.500      0      0      0      0      0      0      0      0      0      0      0      8
 632    67.750      0      0      0      0      0      0      0      0      0      0      0     40
 633    68.000      0      0      0      0      0      0      0      0      0      0      0     15
 634    68.250      0      0      0      0      0      0      0      0      0      0      0      8
 635    68.500      0      0      0      0      0      0      0      0      0      0      0     16
 636    68.750      0      0      0      0      0      0      0      0      0      0      0     31
 637    69.000      0      0      0      0      0      0      0      0      0      0      0     24
 638    69.250      0      0      0      0      0      0      0      0      0      0      0     25
 639    69.500      0      0      0      0      0      0      0      0      0      0      0     16
 640    69.750      0      0      0      0      0      0      0      0      0      0      0     17
 641    70.000      0      0      0      0      0      0      0      0      0      0      0     15
 642    70.250      0      0      0      0      0      0      0      0      0      0      0     14
 643    70.500      0      0      0      0      0      0      0      0      0      0      0      2
 644    70.750      0      0      0      0      0      0      0      0      0      0      0     15
 645    71.000      0      0      0      0      0      0      0      0      0      0      0     17
 646    71.250      0      0      0      0      0      0      0      0      0      0      0      0
 647    71.500      0      0      0      0      0      0      0      0      0      0      0      0
 648    71.750      0      0      0      0      0      0      0      0      0      0      0      1
 649    72.000      0      0      0      0      0      0      0      0      0      0      0      5
 650    72.250      0      0      0      0      0      0      0      0      0      0      0      1
 651    72.500      0      0      0      0      0      0      0      0      0      0      0      2
 652    72.750      0      0      0      0      0      0      0      0      0      0      0      6
 653    73.000      0      0      0      0      0      0      0      0      0      0      0      1
 654    73.250      0      0      0      0      0      0      0      0      0      0      0      4
 655    73.500      0      0      0      0      0      0      0      0      0      0      0      1
 656    73.750      0      0      0      0      0      0      0      0      0      0      0      0
 657    74.000      0      0      0      0      0      0      0      0      0      0      0      5
 658    74.250      0      0      0      0      0      0      0      0      0      0      0      5
 659    74.500      0      0      0      0      0      0      0      0      0      0      0      5
 660    74.750      0      0      0      0      0      0      0      0      0      0      0      2
 661    75.000      0      0      0      0      0      0      0      0      0      0      0      0
 662    75.250      0      0      0      0      0      0      0      0      0      0      0      0
 663    75.500      0      0      0      0      0      0      0      0      0      0      0      1
 664    75.750      0      0      0      0      0      0      0      0      0      0      0      0
 665    76.000      0      0      0      0      0      0      0      0      0      0      0      2
 666    76.250      0      0      0      0      0      0      0      0      0      0      0      1
 667    76.500      0      0      0      0      0      0      0      0      0      0      0      5
 668    76.750      0      0      0      0      0      0      0      0      0      0      0      9
 669    77.000      0      0      0      0      0      0      0      0      0      0      0      0
 670    77.250      0      0      0      0      0      0      0      0      0      0      0      0
 671    77.500      0      0      0      0      0      0      0      0      0      0      0      0
 672    77.750      0      0      0      0      0      0      0      0      0      0      0      5
 673    78.000      0      0      0      0      0      0      0      0      0      0      0      5
 674    78.250      0      0      0      0      0      0      0      0      0      0      0      8
 675    78.500      0      0      0      0      0      0      0      0      0      0      0      0
 676    78.750      0      0      0      0      0      0      0      0      0      0      0      5
 677    79.000      0      0      0      0      0      0      0      0      0      0      0      5
 678    79.250      0      0      0      0      0      0      0      0      0      0      0      0
 679    79.500      0      0      0      0      0      0      0      0      0      0      0      2
 680    79.750      0      0      0      0      0      0      0      0      0      0      0      0
 681    80.000      0      0      0      0      0      0      0      0      0      0      0     11
 682    80.250      0      0      0      0      0      0      0      0      0      0      0      0
 683    80.500      0      0      0      0      0      0      0      0      0      0      0      1
 684    80.750      0      0      0      0      0      0      0      0      0      0      0     15
 685    81.000      0      0      0      0      0      0      0      0      0      0      0      0
 686    81.250      0      0      0      0      0      0      0      0      0      0      0      0
 687    81.500      0      0      0      0      0      0      0      0      0      0      0      1
 688    81.750      0      0      0      0      0      0      0      0      0      0      0      0
 689    82.000      0      0      0      0      0      0      0      0      0      0      0      0
 690    82.250      0      0      0      0      0      0      0      0      0      0      0      0
 691    82.500      0      0      0      0      0      0      0      0      0      0      0      0
 692    82.750      0      0      0      0      0      0      0      0      0      0      0      0
 693    83.000      0      0      0      0      0      0      0      0      0      0      0      0
 694    83.250      0      0      0      0      0      0      0      0      0      0      0      0
 695    83.500      0      0      0      0      0      0      0      0      0      0      0      0
 696    83.750      0      0      0      0      0      0      0      0      0      0      0      0
 697    84.000      0      0      0      0      0      0      0      0      0      0      0      0
 698    84.250      0      0      0      0      0      0      0      0      0      0      0      0
 699    84.500      0      0      0      0      0      0      0      0      0      0      0      0
 700    84.750      0      0      0      0      0      0      0      0      0      0      0      0
 701    85.000      0      0      0      0      0      0      0      0      0      0      0      0
 702    85.250      0      0      0      0      0      0      0      0      0      0      0      0
 703    85.500      0      0      0      0      0      0      0      0      0      0      0      0
 704    85.750      0      0      0      0      0      0      0      0      0      0      0      0
 705    86.000      0      0      0      0      0      0      0      0      0      0      0      0
 706    86.250      0      0      0      0      0      0      0      0      0      0      0      0
 707    86.500      0      0      0      0      0      0      0      0      0      0      0      0
 708    86.750      0      0      0      0      0      0      0      0      0      0      0      0
 709    87.000      0      0      0      0      0      0      0      0      0      0      0      0
 710    87.250      0      0      0      0      0      0      0      0      0      0      0      0
 711    87.500      0      0      0      0      0      0      0      0      0      0      0      0
 712    87.750      0      0      0      0      0      0      0      0      0      0      0      0
 713    88.000      0      0      0      0      0      0      0      0      0      0      0      0
 714    88.250      0      0      0      0      0      0      0      0      0      0      0      0
 715    88.500      0      0      0      0      0      0      0      0      0      0      0      0
 716    88.750      0      0      0      0      0      0      0      0      0      0      0      0
 717    89.000      0      0      0      0      0      0      0      0      0      0      0      0
 718    89.250      0      0      0      0      0      0      0      0      0      0      0      0
 719    89.500      0      0      0      0      0      0      0      0      0      0      0      0
 720    89.750      0      0      0      0      0      0      0      0      0      0      0      0
 721    90.000      0      0      0      0      0      0      0      0      0      0      0      0
 
last data file /discover/nobackup/projects/gmao/nwposse/develop/osse529/obs/Y2006/M06/D27/H18/osse529.diag_conv.20060627_18z.ods
sum of counts =    14436
