Channel Counts and Statistics
Data from  20 times
Last date and time:     20060627      180000
Last file of data: /discover/nobackup/projects/gmao/nwposse/develop/osse529/obs/Y2006/M06/D27/H18/osse529.diag_conv.20060627_18z.ods
Number of channels:  12
LatN, LatS:     90.0   -90.0
LonW, LonE:      0.0   360.0
Surface type: BOTH
 
Table 1: in, plevs, index_used, avg counts, means(omf,oma,amf), stdvs(omf,oma,amf), r=stdv(oma)/stdv(omf)
    1        0.00    0       0    0.000000    0.000000    0.000000    0.000000    0.000000    0.000000    0.000000
    2        0.00    0       0    0.000000    0.000000    0.000000    0.000000    0.000000    0.000000    0.000000
    3        0.00    0       0    0.000000    0.000000    0.000000    0.000000    0.000000    0.000000    0.000000
    4        0.00    0       0    0.000000    0.000000    0.000000    0.000000    0.000000    0.000000    0.000000
    5        0.00    0       0    0.000000    0.000000    0.000000    0.000000    0.000000    0.000000    0.000000
    6       71.43    0       0    0.000000    0.000000    0.000000    0.000000    0.000000    0.000000    0.000000
    7      214.29    1    3734   -0.109107   -0.022881    0.086226    3.239676    2.508820    1.733559    0.774405
    8      357.14    2    1900   -0.169613   -0.051154    0.118459    2.801677    2.368171    1.165430    0.845269
    9      500.00    3    1216   -0.008141    0.011940    0.020081    2.454680    2.070929    1.075633    0.843666
   10      642.86    4    1460    0.016684    0.015774   -0.000910    2.148714    1.783678    0.903473    0.830114
   11      785.71    5    2805   -0.049008   -0.006569    0.042439    1.848737    1.463130    0.834937    0.791421
   12      928.57    6    5855    0.048288    0.007569   -0.040718    1.560229    1.165665    0.728689    0.747112
 
Table 2: Average number of obs in lat range per synop period
 
      channel=      1      2      3      4      5      6      7      8      9     10     11     12
 
   1   -90.000      0      0      0      0      0      0      0      0      0      0      0      0
   2   -89.750      0      0      0      0      0      0      0      0      0      0      0      0
   3   -89.500      0      0      0      0      0      0      0      0      0      0      0      0
   4   -89.250      0      0      0      0      0      0      0      0      0      0      0      0
   5   -89.000      0      0      0      0      0      0      0      0      0      0      0      0
   6   -88.750      0      0      0      0      0      0      0      0      0      0      0      0
   7   -88.500      0      0      0      0      0      0      0      0      0      0      0      0
   8   -88.250      0      0      0      0      0      0      0      0      0      0      0      0
   9   -88.000      0      0      0      0      0      0      0      0      0      0      0      0
  10   -87.750      0      0      0      0      0      0      0      0      0      0      0      0
  11   -87.500      0      0      0      0      0      0      0      0      0      0      0      0
  12   -87.250      0      0      0      0      0      0      0      0      0      0      0      0
  13   -87.000      0      0      0      0      0      0      0      0      0      0      0      0
  14   -86.750      0      0      0      0      0      0      0      0      0      0      0      0
  15   -86.500      0      0      0      0      0      0      0      0      0      0      0      0
  16   -86.250      0      0      0      0      0      0      0      0      0      0      0      0
  17   -86.000      0      0      0      0      0      0      0      0      0      0      0      0
  18   -85.750      0      0      0      0      0      0      0      0      0      0      0      0
  19   -85.500      0      0      0      0      0      0      0      0      0      0      0      0
  20   -85.250      0      0      0      0      0      0      0      0      0      0      0      0
  21   -85.000      0      0      0      0      0      0      0      0      0      0      0      0
  22   -84.750      0      0      0      0      0      0      0      0      0      0      0      0
  23   -84.500      0      0      0      0      0      0      0      0      0      0      0      0
  24   -84.250      0      0      0      0      0      0      0      0      0      0      0      0
  25   -84.000      0      0      0      0      0      0      0      0      0      0      0      0
  26   -83.750      0      0      0      0      0      0      0      0      0      0      0      0
  27   -83.500      0      0      0      0      0      0      0      0      0      0      0      0
  28   -83.250      0      0      0      0      0      0      0      0      0      0      0      0
  29   -83.000      0      0      0      0      0      0      0      0      0      0      0      0
  30   -82.750      0      0      0      0      0      0      0      0      0      0      0      0
  31   -82.500      0      0      0      0      0      0      0      0      0      0      0      0
  32   -82.250      0      0      0      0      0      0      0      0      0      0      0      0
  33   -82.000      0      0      0      0      0      0      0      0      0      0      0      0
  34   -81.750      0      0      0      0      0      0      0      0      0      0      0      0
  35   -81.500      0      0      0      0      0      0      0      0      0      0      0      0
  36   -81.250      0      0      0      0      0      0      0      0      0      0      0      0
  37   -81.000      0      0      0      0      0      0      0      0      0      0      0      0
  38   -80.750      0      0      0      0      0      0      0      0      0      0      0      0
  39   -80.500      0      0      0      0      0      0      0      0      0      0      0      0
  40   -80.250      0      0      0      0      0      0      0      0      0      0      0      0
  41   -80.000      0      0      0      0      0      0      0      0      0      0      0      0
  42   -79.750      0      0      0      0      0      0      0      0      0      0      0      0
  43   -79.500      0      0      0      0      0      0      0      0      0      0      0      0
  44   -79.250      0      0      0      0      0      0      0      0      0      0      0      0
  45   -79.000      0      0      0      0      0      0      0      0      0      0      0      0
  46   -78.750      0      0      0      0      0      0      0      0      0      0      0      0
  47   -78.500      0      0      0      0      0      0      0      0      0      0      0      0
  48   -78.250      0      0      0      0      0      0      0      0      0      0      0      0
  49   -78.000      0      0      0      0      0      0      0      0      0      0      0      0
  50   -77.750      0      0      0      0      0      0      0      0      0      0      0      0
  51   -77.500      0      0      0      0      0      0      0      0      0      0      0      0
  52   -77.250      0      0      0      0      0      0      0      0      0      0      0      0
  53   -77.000      0      0      0      0      0      0      0      0      0      0      0      0
  54   -76.750      0      0      0      0      0      0      0      0      0      0      0      0
  55   -76.500      0      0      0      0      0      0      0      0      0      0      0      0
  56   -76.250      0      0      0      0      0      0      0      0      0      0      0      0
  57   -76.000      0      0      0      0      0      0      0      0      0      0      0      0
  58   -75.750      0      0      0      0      0      0      0      0      0      0      0      0
  59   -75.500      0      0      0      0      0      0      0      0      0      0      0      0
  60   -75.250      0      0      0      0      0      0      0      0      0      0      0      0
  61   -75.000      0      0      0      0      0      0      0      0      0      0      0      0
  62   -74.750      0      0      0      0      0      0      0      0      0      0      0      0
  63   -74.500      0      0      0      0      0      0      0      0      0      0      0      0
  64   -74.250      0      0      0      0      0      0      0      0      0      0      0      0
  65   -74.000      0      0      0      0      0      0      0      0      0      0      0      0
  66   -73.750      0      0      0      0      0      0      0      0      0      0      0      0
  67   -73.500      0      0      0      0      0      0      0      0      0      0      0      0
  68   -73.250      0      0      0      0      0      0      0      0      0      0      0      0
  69   -73.000      0      0      0      0      0      0      0      0      0      0      0      0
  70   -72.750      0      0      0      0      0      0      0      0      0      0      0      0
  71   -72.500      0      0      0      0      0      0      0      0      0      0      0      0
  72   -72.250      0      0      0      0      0      0      0      0      0      0      0      0
  73   -72.000      0      0      0      0      0      0      0      0      0      0      0      0
  74   -71.750      0      0      0      0      0      0      0      0      0      0      0      0
  75   -71.500      0      0      0      0      0      0      0      0      0      0      0      0
  76   -71.250      0      0      0      0      0      0      0      0      0      0      0      0
  77   -71.000      0      0      0      0      0      0      0      0      0      0      0      0
  78   -70.750      0      0      0      0      0      0      0      0      0      0      0      0
  79   -70.500      0      0      0      0      0      0      0      0      0      0      0      0
  80   -70.250      0      0      0      0      0      0      0      0      0      0      0      0
  81   -70.000      0      0      0      0      0      0      0      0      0      0      0      0
  82   -69.750      0      0      0      0      0      0      0      0      0      0      0      0
  83   -69.500      0      0      0      0      0      0      0      0      0      0      0      0
  84   -69.250      0      0      0      0      0      0      0      0      0      0      0      0
  85   -69.000      0      0      0      0      0      0      0      0      0      0      0      0
  86   -68.750      0      0      0      0      0      0      0      0      0      0      0      0
  87   -68.500      0      0      0      0      0      0      0      0      0      0      0      0
  88   -68.250      0      0      0      0      0      0      0      0      0      0      0      0
  89   -68.000      0      0      0      0      0      0      0      0      0      0      0      0
  90   -67.750      0      0      0      0      0      0      0      0      0      0      0      0
  91   -67.500      0      0      0      0      0      0      0      0      0      0      0      0
  92   -67.250      0      0      0      0      0      0      0      0      0      0      0      0
  93   -67.000      0      0      0      0      0      0      0      0      0      0      0      0
  94   -66.750      0      0      0      0      0      0      0      0      0      0      0      0
  95   -66.500      0      0      0      0      0      0      0      0      0      0      0      0
  96   -66.250      0      0      0      0      0      0      0      0      0      0      0      0
  97   -66.000      0      0      0      0      0      0      0      0      0      0      0      0
  98   -65.750      0      0      0      0      0      0      0      0      0      0      0      0
  99   -65.500      0      0      0      0      0      0      0      0      0      0      0      0
 100   -65.250      0      0      0      0      0      0      0      0      0      0      0      0
 101   -65.000      0      0      0      0      0      0      0      0      0      0      0      0
 102   -64.750      0      0      0      0      0      0      0      0      0      0      0      0
 103   -64.500      0      0      0      0      0      0      0      0      0      0      0      0
 104   -64.250      0      0      0      0      0      0      0      0      0      0      0      0
 105   -64.000      0      0      0      0      0      0      0      0      0      0      0      0
 106   -63.750      0      0      0      0      0      0      0      0      0      0      0      0
 107   -63.500      0      0      0      0      0      0      0      0      0      0      0      0
 108   -63.250      0      0      0      0      0      0      0      0      0      0      0      0
 109   -63.000      0      0      0      0      0      0      0      0      0      0      0      0
 110   -62.750      0      0      0      0      0      0      0      0      0      0      0      0
 111   -62.500      0      0      0      0      0      0      0      0      0      0      0      0
 112   -62.250      0      0      0      0      0      0      0      0      0      0      0      0
 113   -62.000      0      0      0      0      0      0      0      0      0      0      0      0
 114   -61.750      0      0      0      0      0      0      0      0      0      0      0      0
 115   -61.500      0      0      0      0      0      0      0      0      0      0      0      0
 116   -61.250      0      0      0      0      0      0      0      0      0      0      0      0
 117   -61.000      0      0      0      0      0      0      0      0      0      0      0      0
 118   -60.750      0      0      0      0      0      0      0      0      0      0      0      0
 119   -60.500      0      0      0      0      0      0      0      0      0      0      0      0
 120   -60.250      0      0      0      0      0      0      0      0      0      0      0      0
 121   -60.000      0      0      0      0      0      0      0      0      0      0      0      0
 122   -59.750      0      0      0      0      0      0      0      1      0      0      0      0
 123   -59.500      0      0      0      0      0      0      0      0      0      0      0      1
 124   -59.250      0      0      0      0      0      0      0      1      0      0      0      1
 125   -59.000      0      0      0      0      0      0      0      1      1      0      0      1
 126   -58.750      0      0      0      0      0      0      0      1      1      0      0      1
 127   -58.500      0      0      0      0      0      0      0      1      1      0      1      1
 128   -58.250      0      0      0      0      0      0      0      2      1      0      1      2
 129   -58.000      0      0      0      0      0      0      0      2      0      0      1      1
 130   -57.750      0      0      0      0      0      0      0      2      1      0      1      2
 131   -57.500      0      0      0      0      0      0      0      2      1      1      0      2
 132   -57.250      0      0      0      0      0      0      0      2      1      0      1      3
 133   -57.000      0      0      0      0      0      0      0      2      2      0      1      4
 134   -56.750      0      0      0      0      0      0      0      3      1      1      2      3
 135   -56.500      0      0      0      0      0      0      0      3      2      1      1      3
 136   -56.250      0      0      0      0      0      0      0      3      2      1      2      3
 137   -56.000      0      0      0      0      0      0      0      4      2      1      1      3
 138   -55.750      0      0      0      0      0      0      0      3      3      1      2      3
 139   -55.500      0      0      0      0      0      0      0      3      3      1      2      3
 140   -55.250      0      0      0      0      0      0      0      4      2      1      2      3
 141   -55.000      0      0      0      0      0      0      0      4      3      1      2      3
 142   -54.750      0      0      0      0      0      0      0      4      3      2      2      3
 143   -54.500      0      0      0      0      0      0      0      6      3      2      1      4
 144   -54.250      0      0      0      0      0      0      0      6      3      1      1      5
 145   -54.000      0      0      0      0      0      0      0      5      3      2      2      5
 146   -53.750      0      0      0      0      0      0      0      6      3      2      3      5
 147   -53.500      0      0      0      0      0      0      0      7      3      2      2      6
 148   -53.250      0      0      0      0      0      0      0      7      3      2      2      5
 149   -53.000      0      0      0      0      0      0      0      6      2      2      3      6
 150   -52.750      0      0      0      0      0      0      0      8      3      2      4      7
 151   -52.500      0      0      0      0      0      0      0      7      4      1      3      6
 152   -52.250      0      0      0      0      0      0      0      7      4      1      4      6
 153   -52.000      0      0      0      0      0      0      0      6      4      2      3      6
 154   -51.750      0      0      0      0      0      0      0      8      4      1      4      6
 155   -51.500      0      0      0      0      0      0      0      6      4      2      4      7
 156   -51.250      0      0      0      0      0      0      0      6      5      2      4      8
 157   -51.000      0      0      0      0      0      0      0      6      3      3      4      7
 158   -50.750      0      0      0      0      0      0      0      7      4      3      4      8
 159   -50.500      0      0      0      0      0      0      0      6      4      3      4      8
 160   -50.250      0      0      0      0      0      0      0      6      5      3      3      8
 161   -50.000      0      0      0      0      0      0      0      7      4      3      4      7
 162   -49.750      0      0      0      0      0      0      0      7      5      3      4      8
 163   -49.500      0      0      0      0      0      0      0      6      5      4      4      8
 164   -49.250      0      0      0      0      0      0      0      7      6      3      4      8
 165   -49.000      0      0      0      0      0      0      0      7      6      4      3      8
 166   -48.750      0      0      0      0      0      0      0      8      6      4      4      8
 167   -48.500      0      0      0      0      0      0      0      5      6      4      3      8
 168   -48.250      0      0      0      0      0      0      0      6      6      5      4      9
 169   -48.000      0      0      0      0      0      0      0      6      6      4      4      8
 170   -47.750      0      0      0      0      0      0      0      7      5      5      3      8
 171   -47.500      0      0      0      0      0      0      0      7      6      5      4      8
 172   -47.250      0      0      0      0      0      0      0      7      6      5      3     10
 173   -47.000      0      0      0      0      0      0      0      6      5      5      4      9
 174   -46.750      0      0      0      0      0      0      0      7      5      5      5      7
 175   -46.500      0      0      0      0      0      0      0      6      5      5      4      7
 176   -46.250      0      0      0      0      0      0      0      6      4      4      4      9
 177   -46.000      0      0      0      0      0      0      0      6      5      5      5      9
 178   -45.750      0      0      0      0      0      0      0      7      4      6      6      9
 179   -45.500      0      0      0      0      0      0      0      9      7      8      7     12
 180   -45.250      0      0      0      0      0      0      0     10      7      7      7     13
 181   -45.000      0      0      0      0      0      0      0      8      6      8      7     13
 182   -44.750      0      0      0      0      0      0      0      7      8      7      8     13
 183   -44.500      0      0      0      0      0      0      0      8      6      7      8     13
 184   -44.250      0      0      0      0      0      0      0      8      7      7      9     15
 185   -44.000      0      0      0      0      0      0      0      6      6      6      8     15
 186   -43.750      0      0      0      0      0      0      0      6      6      6      8     15
 187   -43.500      0      0      0      0      0      0      0      6      6      6      9     14
 188   -43.250      0      0      0      0      0      0      0      6      6      6      9     16
 189   -43.000      0      0      0      0      0      0      0      7      6      6      7     17
 190   -42.750      0      0      0      0      0      0      0      8      6      7      7     15
 191   -42.500      0      0      0      0      0      0      0      7      6      7      6     16
 192   -42.250      0      0      0      0      0      0      0      6      7      7      6     17
 193   -42.000      0      0      0      0      0      0      0      7      7      7      6     15
 194   -41.750      0      0      0      0      0      0      0      7      6      7      6     15
 195   -41.500      0      0      0      0      0      0      0      7      7      6      5     16
 196   -41.250      0      0      0      0      0      0      0      7      6      8      5     15
 197   -41.000      0      0      0      0      0      0      0      7      7      9      6     16
 198   -40.750      0      0      0      0      0      0      0      6      6      8      5     16
 199   -40.500      0      0      0      0      0      0      0      6      7      8      6     16
 200   -40.250      0      0      0      0      0      0      0      5      5      7      4     16
 201   -40.000      0      0      0      0      0      0      0      7      6      8      5     16
 202   -39.750      0      0      0      0      0      0      0      6      6      7      5     17
 203   -39.500      0      0      0      0      0      0      0      6      7      7      5     18
 204   -39.250      0      0      0      0      0      0      0      7      6      8      6     16
 205   -39.000      0      0      0      0      0      0      0      6      7      6      7     17
 206   -38.750      0      0      0      0      0      0      0      5      7      7      5     17
 207   -38.500      0      0      0      0      0      0      0      5      6      6      6     17
 208   -38.250      0      0      0      0      0      0      1      5      7      7      6     18
 209   -38.000      0      0      0      0      0      0      0      4      7      7      5     16
 210   -37.750      0      0      0      0      0      0      0      4      7      6      6     17
 211   -37.500      0      0      0      0      0      0      0      5      7      7      6     16
 212   -37.250      0      0      0      0      0      0      0      4      8      5      6     16
 213   -37.000      0      0      0      0      0      0      0      5      5      5      7     16
 214   -36.750      0      0      0      0      0      0      0      4      6      5      7     17
 215   -36.500      0      0      0      0      0      0      1      5      6      5      7     16
 216   -36.250      0      0      0      0      0      0      0      4      6      5      7     19
 217   -36.000      0      0      0      0      0      0      0      4      5      5      7     15
 218   -35.750      0      0      0      0      0      0      0      4      4      5      6     16
 219   -35.500      0      0      0      0      0      0      0      4      6      5      7     15
 220   -35.250      0      0      0      0      0      0      0      4      6      5      7     15
 221   -35.000      0      0      0      0      0      0      0      3      5      5      8     15
 222   -34.750      0      0      0      0      0      0      1      3      5      6      8     15
 223   -34.500      0      0      0      0      0      0      1      4      4      4      8     14
 224   -34.250      0      0      0      0      0      0      1      3      4      4      7     14
 225   -34.000      0      0      0      0      0      0      0      3      4      4      9     15
 226   -33.750      0      0      0      0      0      0      1      3      4      4      7     13
 227   -33.500      0      0      0      0      0      0      1      4      4      4      8     13
 228   -33.250      0      0      0      0      0      0      1      2      4      3     10     12
 229   -33.000      0      0      0      0      0      0      1      3      4      3      8     12
 230   -32.750      0      0      0      0      0      0      1      4      4      3      8     12
 231   -32.500      0      0      0      0      0      0      0      3      3      3      9     11
 232   -32.250      0      0      0      0      0      0      1      4      2      3      9     11
 233   -32.000      0      0      0      0      0      0      1      3      1      3      7      9
 234   -31.750      0      0      0      0      0      0      1      3      1      2      8      9
 235   -31.500      0      0      0      0      0      0      0      4      1      2      9      9
 236   -31.250      0      0      0      0      0      0      1      4      1      2      8      9
 237   -31.000      0      0      0      0      0      0      1      4      2      1      9      9
 238   -30.750      0      0      0      0      0      0      1      4      1      1      7      9
 239   -30.500      0      0      0      0      0      0      1      5      2      1      8      7
 240   -30.250      0      0      0      0      0      0      1      5      2      1      7      8
 241   -30.000      0      0      0      0      0      0      8      3      2      2     12      8
 242   -29.750      0      0      0      0      0      0     12      2      1      2     15      7
 243   -29.500      0      0      0      0      0      0     14      2      1      3     13      7
 244   -29.250      0      0      0      0      0      0     14      3      1      2     14      6
 245   -29.000      0      0      0      0      0      0     13      2      2      3     13      7
 246   -28.750      0      0      0      0      0      0     14      2      1      4     14      7
 247   -28.500      0      0      0      0      0      0     12      3      1      3     12      6
 248   -28.250      0      0      0      0      0      0     15      3      2      3     13      6
 249   -28.000      0      0      0      0      0      0     14      4      1      3     11      6
 250   -27.750      0      0      0      0      0      0     15      3      2      2     11      6
 251   -27.500      0      0      0      0      0      0     15      4      3      3     10      7
 252   -27.250      0      0      0      0      0      0     15      3      2      4     11      7
 253   -27.000      0      0      0      0      0      0     13      4      3      4     11      7
 254   -26.750      0      0      0      0      0      0     12      3      2      3     10      7
 255   -26.500      0      0      0      0      0      0     11      3      2      4     11      8
 256   -26.250      0      0      0      0      0      0     12      4      2      4      9      8
 257   -26.000      0      0      0      0      0      0     11      4      3      4     10      8
 258   -25.750      0      0      0      0      0      0     12      3      2      4     10      9
 259   -25.500      0      0      0      0      0      0     12      4      2      5     10      8
 260   -25.250      0      0      0      0      0      0     13      4      2      4     10      9
 261   -25.000      0      0      0      0      0      0     12      5      2      4     10      8
 262   -24.750      0      0      0      0      0      0     12      4      3      3     11     10
 263   -24.500      0      0      0      0      0      0     11      4      2      5      9     10
 264   -24.250      0      0      0      0      0      0      9      4      2      4      8     10
 265   -24.000      0      0      0      0      0      0     10      4      2      3      7     11
 266   -23.750      0      0      0      0      0      0     10      4      2      4      8     13
 267   -23.500      0      0      0      0      0      0     11      4      2      3      9     13
 268   -23.250      0      0      0      0      0      0      9      4      1      4      8     13
 269   -23.000      0      0      0      0      0      0      9      4      1      4      9     14
 270   -22.750      0      0      0      0      0      0      9      4      1      3      8     13
 271   -22.500      0      0      0      0      0      0      7      3      1      3      9     16
 272   -22.250      0      0      0      0      0      0      9      4      1      3      8     17
 273   -22.000      0      0      0      0      0      0      8      4      1      3      8     19
 274   -21.750      0      0      0      0      0      0      7      4      1      2      8     18
 275   -21.500      0      0      0      0      0      0      7      3      1      3      7     19
 276   -21.250      0      0      0      0      0      0      7      4      1      3      6     19
 277   -21.000      0      0      0      0      0      0      7      4      1      3      6     21
 278   -20.750      0      0      0      0      0      0      6      3      1      2      6     23
 279   -20.500      0      0      0      0      0      0      6      3      0      2      4     22
 280   -20.250      0      0      0      0      0      0      5      3      1      1      5     22
 281   -20.000      0      0      0      0      0      0      5      2      0      1      5     22
 282   -19.750      0      0      0      0      0      0      5      3      0      1      4     21
 283   -19.500      0      0      0      0      0      0      5      2      0      1      3     21
 284   -19.250      0      0      0      0      0      0      5      2      0      1      4     23
 285   -19.000      0      0      0      0      0      0      5      2      0      0      4     21
 286   -18.750      0      0      0      0      0      0      5      2      0      0      4     24
 287   -18.500      0      0      0      0      0      0      5      2      0      0      5     26
 288   -18.250      0      0      0      0      0      0      6      1      0      0      6     24
 289   -18.000      0      0      0      0      0      0      6      2      0      0      5     23
 290   -17.750      0      0      0      0      0      0      6      0      0      0      4     23
 291   -17.500      0      0      0      0      0      0      5      1      0      0      4     25
 292   -17.250      0      0      0      0      0      0      5      1      0      0      5     23
 293   -17.000      0      0      0      0      0      0      6      1      0      0      3     23
 294   -16.750      0      0      0      0      0      0      5      1      0      1      4     24
 295   -16.500      0      0      0      0      0      0      4      0      0      0      4     23
 296   -16.250      0      0      0      0      0      0      5      0      0      0      4     22
 297   -16.000      0      0      0      0      0      0      5      0      0      0      5     22
 298   -15.750      0      0      0      0      0      0      5      0      0      0      5     24
 299   -15.500      0      0      0      0      0      0      4      0      0      0      6     23
 300   -15.250      0      0      0      0      0      0      6      0      0      1      4     23
 301   -15.000      0      0      0      0      0      0      5      0      0      0      4     23
 302   -14.750      0      0      0      0      0      0      5      0      0      1      5     24
 303   -14.500      0      0      0      0      0      0      5      0      0      1      5     24
 304   -14.250      0      0      0      0      0      0      6      0      0      1      5     24
 305   -14.000      0      0      0      0      0      0      5      0      0      1      5     24
 306   -13.750      0      0      0      0      0      0      4      0      0      1      4     23
 307   -13.500      0      0      0      0      0      0      4      0      0      1      5     21
 308   -13.250      0      0      0      0      0      0      4      0      0      1      4     21
 309   -13.000      0      0      0      0      0      0      4      0      0      1      4     21
 310   -12.750      0      0      0      0      0      0      5      1      0      1      4     22
 311   -12.500      0      0      0      0      0      0      4      0      0      1      5     21
 312   -12.250      0      0      0      0      0      0      4      0      0      1      5     21
 313   -12.000      0      0      0      0      0      0      5      0      0      2      6     24
 314   -11.750      0      0      0      0      0      0      7      0      0      3      9     31
 315   -11.500      0      0      0      0      0      0      7      0      0      2      9     31
 316   -11.250      0      0      0      0      0      0      7      0      0      2      9     34
 317   -11.000      0      0      0      0      0      0      7      0      0      3      9     33
 318   -10.750      0      0      0      0      0      0      6      0      0      2      8     33
 319   -10.500      0      0      0      0      0      0      7      0      0      3      9     32
 320   -10.250      0      0      0      0      0      0      8      1      0      3      8     32
 321   -10.000      0      0      0      0      0      0      8      1      0      2      8     31
 322    -9.750      0      0      0      0      0      0      9      1      0      3      6     31
 323    -9.500      0      0      0      0      0      0      8      0      0      3      6     33
 324    -9.250      0      0      0      0      0      0     10      1      0      3      8     32
 325    -9.000      0      0      0      0      0      0      8      1      0      3      6     27
 326    -8.750      0      0      0      0      0      0     11      1      0      3      6     29
 327    -8.500      0      0      0      0      0      0     10      1      0      3      6     28
 328    -8.250      0      0      0      0      0      0      9      1      1      3      6     27
 329    -8.000      0      0      0      0      0      0     10      2      0      2      6     28
 330    -7.750      0      0      0      0      0      0      9      1      1      3      5     28
 331    -7.500      0      0      0      0      0      0      9      2      0      3      5     28
 332    -7.250      0      0      0      0      0      0      9      1      1      2      6     28
 333    -7.000      0      0      0      0      0      0     10      2      0      3      5     27
 334    -6.750      0      0      0      0      0      0     11      1      1      4      5     28
 335    -6.500      0      0      0      0      0      0      8      2      1      3      5     27
 336    -6.250      0      0      0      0      0      0     10      2      1      3      6     26
 337    -6.000      0      0      0      0      0      0      9      2      1      3      5     28
 338    -5.750      0      0      0      0      0      0      9      2      1      5      6     28
 339    -5.500      0      0      0      0      0      0      8      2      2      3      6     28
 340    -5.250      0      0      0      0      0      0      9      2      1      4      6     26
 341    -5.000      0      0      0      0      0      0      8      3      2      3      7     28
 342    -4.750      0      0      0      0      0      0      9      4      1      4      7     27
 343    -4.500      0      0      0      0      0      0     11      3      2      4      5     26
 344    -4.250      0      0      0      0      0      0     10      3      2      5      6     24
 345    -4.000      0      0      0      0      0      0     10      3      2      4      5     28
 346    -3.750      0      0      0      0      0      0     11      3      3      4      4     26
 347    -3.500      0      0      0      0      0      0     11      3      2      4      4     28
 348    -3.250      0      0      0      0      0      0     12      3      2      3      4     28
 349    -3.000      0      0      0      0      0      0      9      3      3      3      4     29
 350    -2.750      0      0      0      0      0      0     11      2      3      3      4     27
 351    -2.500      0      0      0      0      0      0     10      3      3      3      3     23
 352    -2.250      0      0      0      0      0      0     12      3      2      3      4     26
 353    -2.000      0      0      0      0      0      0     12      3      3      3      3     24
 354    -1.750      0      0      0      0      0      0     11      3      4      3      4     27
 355    -1.500      0      0      0      0      0      0     12      2      2      3      4     28
 356    -1.250      0      0      0      0      0      0     13      2      3      3      4     27
 357    -1.000      0      0      0      0      0      0     13      2      2      2      4     24
 358    -0.750      0      0      0      0      0      0     15      1      3      2      3     24
 359    -0.500      0      0      0      0      0      0     17      2      3      2      5     23
 360    -0.250      0      0      0      0      0      0     14      1      4      2      4     21
 361     0.000      0      0      0      0      0      0     14      2      2      3      4     15
 362     0.250      0      0      0      0      0      0     20      4      3      6      6     19
 363     0.500      0      0      0      0      0      0     19      4      3      5      7     19
 364     0.750      0      0      0      0      0      0     18      4      3      5      7     19
 365     1.000      0      0      0      0      0      0     20      4      2      5      8     21
 366     1.250      0      0      0      0      0      0     22      4      2      4     10     23
 367     1.500      0      0      0      0      0      0     23      3      2      3     12     22
 368     1.750      0      0      0      0      0      0     24      3      2      4     15     22
 369     2.000      0      0      0      0      0      0     27      4      2      2     15     28
 370     2.250      0      0      0      0      0      0     28      5      4      4     12     26
 371     2.500      0      0      0      0      0      0     29      5      3      6     14     25
 372     2.750      0      0      0      0      0      0     30      5      3      7     13     26
 373     3.000      0      0      0      0      0      0     30      5      4      9     13     24
 374     3.250      0      0      0      0      0      0     30      5      4      9     12     23
 375     3.500      0      0      0      0      0      0     31      5      4     11     13     23
 376     3.750      0      0      0      0      0      0     30      6      5     10     13     20
 377     4.000      0      0      0      0      0      0     31      5      5     11     11     22
 378     4.250      0      0      0      0      0      0     31      5      6     12     12     20
 379     4.500      0      0      0      0      0      0     32      5      7     11     12     18
 380     4.750      0      0      0      0      0      0     33      6      6     10     12     17
 381     5.000      0      0      0      0      0      0     34      4      7     10     11     16
 382     5.250      0      0      0      0      0      0     33      5      5     10     12     13
 383     5.500      0      0      0      0      0      0     33      4      6     11     11     13
 384     5.750      0      0      0      0      0      0     35      5      6     11     10     13
 385     6.000      0      0      0      0      0      0     34      5      7     10      9     12
 386     6.250      0      0      0      0      0      0     30      3      5     10      7     13
 387     6.500      0      0      0      0      0      0     29      3      7      9      7     12
 388     6.750      0      0      0      0      0      0     30      4      7     10      6     12
 389     7.000      0      0      0      0      0      0     29      2      6      8      8     12
 390     7.250      0      0      0      0      0      0     29      3      5      7      7     12
 391     7.500      0      0      0      0      0      0     28      2      4      6      8     12
 392     7.750      0      0      0      0      0      0     27      3      4      6      9     12
 393     8.000      0      0      0      0      0      0     28      3      2      5      7     12
 394     8.250      0      0      0      0      0      0     27      3      3      5      7     13
 395     8.500      0      0      0      0      0      0     27      3      2      4      6     11
 396     8.750      0      0      0      0      0      0     30      3      1      4      7     12
 397     9.000      0      0      0      0      0      0     31      3      2      4      7     11
 398     9.250      0      0      0      0      0      0     29      4      3      4      9     13
 399     9.500      0      0      0      0      0      0     31      3      2      3     10     13
 400     9.750      0      0      0      0      0      0     27      5      2      4      8     16
 401    10.000      0      0      0      0      0      0     29      5      2      4     11     15
 402    10.250      0      0      0      0      0      0     29      5      2      3      8     17
 403    10.500      0      0      0      0      0      0     29      6      2      3     10     15
 404    10.750      0      0      0      0      0      0     28      6      2      3      9     17
 405    11.000      0      0      0      0      0      0     28      6      1      3      9     17
 406    11.250      0      0      0      0      0      0     28      5      2      3      9     17
 407    11.500      0      0      0      0      0      0     29      6      2      3      9     20
 408    11.750      0      0      0      0      0      0     27      7      2      3      8     19
 409    12.000      0      0      0      0      0      0     22      4      2      1      6     14
 410    12.250      0      0      0      0      0      0     18      4      1      2      6     13
 411    12.500      0      0      0      0      0      0     17      4      2      3      6     13
 412    12.750      0      0      0      0      0      0     19      3      1      1      7     13
 413    13.000      0      0      0      0      0      0     19      4      1      2      7     13
 414    13.250      0      0      0      0      0      0     16      3      1      1      7     13
 415    13.500      0      0      0      0      0      0     17      3      1      1      6     11
 416    13.750      0      0      0      0      0      0     15      3      1      1      7     13
 417    14.000      0      0      0      0      0      0     15      3      0      1      8     12
 418    14.250      0      0      0      0      0      0     15      4      0      1      8     14
 419    14.500      0      0      0      0      0      0     14      3      1      1      7     12
 420    14.750      0      0      0      0      0      0     14      3      1      1      7     14
 421    15.000      0      0      0      0      0      0     15      3      0      0      7     12
 422    15.250      0      0      0      0      0      0     12      3      1      1      7     13
 423    15.500      0      0      0      0      0      0     13      3      0      1      8     13
 424    15.750      0      0      0      0      0      0     13      2      0      0      8     14
 425    16.000      0      0      0      0      0      0     11      3      1      0      8     12
 426    16.250      0      0      0      0      0      0     10      3      0      1      7     13
 427    16.500      0      0      0      0      0      0     11      2      0      0      8     13
 428    16.750      0      0      0      0      0      0     12      2      0      0      8     13
 429    17.000      0      0      0      0      0      0     11      2      0      1      7     13
 430    17.250      0      0      0      0      0      0     11      2      0      1      8     14
 431    17.500      0      0      0      0      0      0     11      1      0      1      7     13
 432    17.750      0      0      0      0      0      0     10      1      0      2      8     14
 433    18.000      0      0      0      0      0      0     11      1      0      2      9     13
 434    18.250      0      0      0      0      0      0      9      1      0      2      9     13
 435    18.500      0      0      0      0      0      0      8      1      0      1      9     14
 436    18.750      0      0      0      0      0      0     10      1      0      1      9     13
 437    19.000      0      0      0      0      0      0      9      1      1      1     10     13
 438    19.250      0      0      0      0      0      0      9      1      1      1      8     12
 439    19.500      0      0      0      0      0      0      8      1      0      0      8     11
 440    19.750      0      0      0      0      0      0      8      1      0      0      8     11
 441    20.000      0      0      0      0      0      0     10      1      1      0      8     12
 442    20.250      0      0      0      0      0      0      9      1      1      1      8     11
 443    20.500      0      0      0      0      0      0     10      2      1      1      7     11
 444    20.750      0      0      0      0      0      0     10      1      1      1      6     10
 445    21.000      0      0      0      0      0      0      9      1      1      0      8      9
 446    21.250      0      0      0      0      0      0     10      2      1      1      7      9
 447    21.500      0      0      0      0      0      0     10      1      1      0      7     10
 448    21.750      0      0      0      0      0      0      8      2      1      0      6     12
 449    22.000      0      0      0      0      0      0     10      1      1      0      7     11
 450    22.250      0      0      0      0      0      0     11      1      1      0      7     11
 451    22.500      0      0      0      0      0      0     10      2      1      0      7     10
 452    22.750      0      0      0      0      0      0     10      2      1      0      6      9
 453    23.000      0      0      0      0      0      0     11      3      1      0      7      8
 454    23.250      0      0      0      0      0      0     11      2      1      0      7      9
 455    23.500      0      0      0      0      0      0     11      2      1      0      7      9
 456    23.750      0      0      0      0      0      0     11      3      1      0      6      9
 457    24.000      0      0      0      0      0      0     12      3      2      1      7      8
 458    24.250      0      0      0      0      0      0     11      3      2      0      7      7
 459    24.500      0      0      0      0      0      0     11      3      2      1      6      8
 460    24.750      0      0      0      0      0      0     14      3      2      1      7      8
 461    25.000      0      0      0      0      0      0     13      2      2      1      7      9
 462    25.250      0      0      0      0      0      0     13      2      2      2      6      9
 463    25.500      0      0      0      0      0      0     13      2      3      2      7      8
 464    25.750      0      0      0      0      0      0     14      3      3      1      7      8
 465    26.000      0      0      0      0      0      0     12      3      4      2      6     10
 466    26.250      0      0      0      0      0      0     13      2      3      2      5     11
 467    26.500      0      0      0      0      0      0     12      3      2      2      7     10
 468    26.750      0      0      0      0      0      0     12      3      2      2      4      9
 469    27.000      0      0      0      0      0      0     15      2      2      2      5      9
 470    27.250      0      0      0      0      0      0     16      3      1      2      5     10
 471    27.500      0      0      0      0      0      0     13      3      2      1      5      8
 472    27.750      0      0      0      0      0      0     14      3      1      2      4      8
 473    28.000      0      0      0      0      0      0     14      4      1      2      6      9
 474    28.250      0      0      0      0      0      0     14      4      2      1      5      8
 475    28.500      0      0      0      0      0      0     16      4      1      1      5      9
 476    28.750      0      0      0      0      0      0     14      3      2      1      4      8
 477    29.000      0      0      0      0      0      0     16      3      2      1      3      7
 478    29.250      0      0      0      0      0      0     16      3      1      1      4      8
 479    29.500      0      0      0      0      0      0     16      3      2      1      4      8
 480    29.750      0      0      0      0      0      0     14      3      2      1      5      7
 481    30.000      0      0      0      0      0      0      9      4      1      1      3      6
 482    30.250      0      0      0      0      0      0      3      5      1      0      1      6
 483    30.500      0      0      0      0      0      0      3      4      1      0      1      6
 484    30.750      0      0      0      0      0      0      2      6      1      0      0      5
 485    31.000      0      0      0      0      0      0      3      5      1      0      1      6
 486    31.250      0      0      0      0      0      0      3      5      1      1      1      6
 487    31.500      0      0      0      0      0      0      2      5      2      1      1      6
 488    31.750      0      0      0      0      0      0      2      5      1      1      1      5
 489    32.000      0      0      0      0      0      0      3      6      1      1      1      5
 490    32.250      0      0      0      0      0      0      3      5      1      1      1      5
 491    32.500      0      0      0      0      0      0      2      4      1      1      1      6
 492    32.750      0      0      0      0      0      0      3      4      1      1      1      5
 493    33.000      0      0      0      0      0      0      2      5      1      0      1      5
 494    33.250      0      0      0      0      0      0      3      4      1      1      1      5
 495    33.500      0      0      0      0      0      0      2      5      1      1      1      5
 496    33.750      0      0      0      0      0      0      3      5      1      1      2      4
 497    34.000      0      0      0      0      0      0      2      4      1      1      1      4
 498    34.250      0      0      0      0      0      0      3      5      1      1      2      5
 499    34.500      0      0      0      0      0      0      2      4      1      1      2      4
 500    34.750      0      0      0      0      0      0      3      5      1      1      2      3
 501    35.000      0      0      0      0      0      0      2      5      1      2      2      4
 502    35.250      0      0      0      0      0      0      2      3      1      2      3      4
 503    35.500      0      0      0      0      0      0      3      4      1      2      2      5
 504    35.750      0      0      0      0      0      0      2      3      1      1      3      4
 505    36.000      0      0      0      0      0      0      3      4      0      1      4      5
 506    36.250      0      0      0      0      0      0      3      4      0      1      5      3
 507    36.500      0      0      0      0      0      0      2      4      0      1      2      4
 508    36.750      0      0      0      0      0      0      3      5      0      1      5      3
 509    37.000      0      0      0      0      0      0      2      4      0      1      3      4
 510    37.250      0      0      0      0      0      0      3      5      1      1      3      3
 511    37.500      0      0      0      0      0      0      2      5      1      1      3      3
 512    37.750      0      0      0      0      0      0      3      6      1      1      3      3
 513    38.000      0      0      0      0      0      0      3      5      1      0      4      3
 514    38.250      0      0      0      0      0      0      3      5      1      1      4      3
 515    38.500      0      0      0      0      0      0      3      5      0      1      2      3
 516    38.750      0      0      0      0      0      0      3      5      1      1      3      2
 517    39.000      0      0      0      0      0      0      2      4      1      2      2      3
 518    39.250      0      0      0      0      0      0      2      6      1      2      3      3
 519    39.500      0      0      0      0      0      0      3      5      1      3      2      2
 520    39.750      0      0      0      0      0      0      3      5      1      2      2      2
 521    40.000      0      0      0      0      0      0      2      4      1      2      3      2
 522    40.250      0      0      0      0      0      0      3      6      2      2      2      2
 523    40.500      0      0      0      0      0      0      2      5      1      1      2      3
 524    40.750      0      0      0      0      0      0      3      6      2      2      3      2
 525    41.000      0      0      0      0      0      0      2      4      1      1      3      3
 526    41.250      0      0      0      0      0      0      2      4      1      2      2      3
 527    41.500      0      0      0      0      0      0      2      4      1      1      2      2
 528    41.750      0      0      0      0      0      0      3      4      1      1      2      2
 529    42.000      0      0      0      0      0      0      2      4      1      1      3      3
 530    42.250      0      0      0      0      0      0      3      3      1      1      2      2
 531    42.500      0      0      0      0      0      0      2      4      1      1      2      2
 532    42.750      0      0      0      0      0      0      2      4      1      1      2      2
 533    43.000      0      0      0      0      0      0      2      4      1      1      2      3
 534    43.250      0      0      0      0      0      0      2      3      1      1      2      2
 535    43.500      0      0      0      0      0      0      2      3      1      1      1      3
 536    43.750      0      0      0      0      0      0      2      4      1      0      2      4
 537    44.000      0      0      0      0      0      0      3      3      1      1      1      4
 538    44.250      0      0      0      0      0      0      2      3      1      0      3      3
 539    44.500      0      0      0      0      0      0      1      3      1      1      2      3
 540    44.750      0      0      0      0      0      0      2      3      0      1      2      4
 541    45.000      0      0      0      0      0      0      2      4      1      0      2      4
 542    45.250      0      0      0      0      0      0      3      4      1      1      2      4
 543    45.500      0      0      0      0      0      0      2      3      1      1      2      4
 544    45.750      0      0      0      0      0      0      1      2      1      1      1      3
 545    46.000      0      0      0      0      0      0      1      3      0      1      2      2
 546    46.250      0      0      0      0      0      0      1      2      1      0      1      2
 547    46.500      0      0      0      0      0      0      1      3      1      0      2      2
 548    46.750      0      0      0      0      0      0      1      3      1      1      2      2
 549    47.000      0      0      0      0      0      0      0      3      1      1      2      2
 550    47.250      0      0      0      0      0      0      1      2      1      0      2      2
 551    47.500      0      0      0      0      0      0      1      3      1      1      2      2
 552    47.750      0      0      0      0      0      0      1      4      1      1      2      3
 553    48.000      0      0      0      0      0      0      1      4      1      2      2      3
 554    48.250      0      0      0      0      0      0      1      2      1      1      2      2
 555    48.500      0      0      0      0      0      0      0      3      2      1      2      3
 556    48.750      0      0      0      0      0      0      1      3      2      1      3      2
 557    49.000      0      0      0      0      0      0      0      3      1      1      2      3
 558    49.250      0      0      0      0      0      0      1      3      1      1      2      3
 559    49.500      0      0      0      0      0      0      1      4      0      1      2      2
 560    49.750      0      0      0      0      0      0      1      3      1      1      1      3
 561    50.000      0      0      0      0      0      0      1      3      1      1      2      3
 562    50.250      0      0      0      0      0      0      1      3      1      1      2      3
 563    50.500      0      0      0      0      0      0      1      3      0      1      2      3
 564    50.750      0      0      0      0      0      0      1      3      1      1      2      3
 565    51.000      0      0      0      0      0      0      1      2      0      0      2      3
 566    51.250      0      0      0      0      0      0      0      2      1      1      2      2
 567    51.500      0      0      0      0      0      0      1      3      0      1      3      2
 568    51.750      0      0      0      0      0      0      1      3      1      2      3      3
 569    52.000      0      0      0      0      0      0      1      3      1      1      3      3
 570    52.250      0      0      0      0      0      0      1      3      1      1      3      2
 571    52.500      0      0      0      0      0      0      0      4      1      1      4      3
 572    52.750      0      0      0      0      0      0      1      4      1      1      3      2
 573    53.000      0      0      0      0      0      0      1      4      1      1      3      1
 574    53.250      0      0      0      0      0      0      1      4      0      2      3      2
 575    53.500      0      0      0      0      0      0      1      4      1      2      4      1
 576    53.750      0      0      0      0      0      0      0      4      1      1      3      1
 577    54.000      0      0      0      0      0      0      1      4      1      2      3      1
 578    54.250      0      0      0      0      0      0      0      4      1      2      4      1
 579    54.500      0      0      0      0      0      0      0      5      1      2      2      1
 580    54.750      0      0      0      0      0      0      0      5      1      1      3      1
 581    55.000      0      0      0      0      0      0      1      4      1      2      3      1
 582    55.250      0      0      0      0      0      0      0      5      1      1      3      1
 583    55.500      0      0      0      0      0      0      0      3      1      2      3      1
 584    55.750      0      0      0      0      0      0      0      4      1      1      2      1
 585    56.000      0      0      0      0      0      0      0      4      1      1      2      1
 586    56.250      0      0      0      0      0      0      0      4      2      1      2      0
 587    56.500      0      0      0      0      0      0      0      3      1      1      2      0
 588    56.750      0      0      0      0      0      0      0      4      1      1      2      1
 589    57.000      0      0      0      0      0      0      1      3      1      0      2      1
 590    57.250      0      0      0      0      0      0      0      2      0      0      1      0
 591    57.500      0      0      0      0      0      0      0      2      1      0      2      0
 592    57.750      0      0      0      0      0      0      0      2      1      0      2      0
 593    58.000      0      0      0      0      0      0      0      2      0      0      2      0
 594    58.250      0      0      0      0      0      0      0      3      0      0      2      0
 595    58.500      0      0      0      0      0      0      0      2      0      0      1      0
 596    58.750      0      0      0      0      0      0      0      2      0      0      1      0
 597    59.000      0      0      0      0      0      0      0      1      0      0      1      0
 598    59.250      0      0      0      0      0      0      0      2      0      0      1      0
 599    59.500      0      0      0      0      0      0      0      1      0      0      1      0
 600    59.750      0      0      0      0      0      0      0      1      0      0      0      0
 601    60.000      0      0      0      0      0      0      0      0      0      0      0      0
 602    60.250      0      0      0      0      0      0      0      0      0      0      0      0
 603    60.500      0      0      0      0      0      0      0      0      0      0      0      0
 604    60.750      0      0      0      0      0      0      0      0      0      0      0      0
 605    61.000      0      0      0      0      0      0      0      0      0      0      0      0
 606    61.250      0      0      0      0      0      0      0      0      0      0      0      0
 607    61.500      0      0      0      0      0      0      0      0      0      0      0      0
 608    61.750      0      0      0      0      0      0      0      0      0      0      0      0
 609    62.000      0      0      0      0      0      0      0      0      0      0      0      0
 610    62.250      0      0      0      0      0      0      0      0      0      0      0      0
 611    62.500      0      0      0      0      0      0      0      0      0      0      0      0
 612    62.750      0      0      0      0      0      0      0      0      0      0      0      0
 613    63.000      0      0      0      0      0      0      0      0      0      0      0      0
 614    63.250      0      0      0      0      0      0      0      0      0      0      0      0
 615    63.500      0      0      0      0      0      0      0      0      0      0      0      0
 616    63.750      0      0      0      0      0      0      0      0      0      0      0      0
 617    64.000      0      0      0      0      0      0      0      0      0      0      0      0
 618    64.250      0      0      0      0      0      0      0      0      0      0      0      0
 619    64.500      0      0      0      0      0      0      0      0      0      0      0      0
 620    64.750      0      0      0      0      0      0      0      0      0      0      0      0
 621    65.000      0      0      0      0      0      0      0      0      0      0      0      0
 622    65.250      0      0      0      0      0      0      0      0      0      0      0      0
 623    65.500      0      0      0      0      0      0      0      0      0      0      0      0
 624    65.750      0      0      0      0      0      0      0      0      0      0      0      0
 625    66.000      0      0      0      0      0      0      0      0      0      0      0      0
 626    66.250      0      0      0      0      0      0      0      0      0      0      0      0
 627    66.500      0      0      0      0      0      0      0      0      0      0      0      0
 628    66.750      0      0      0      0      0      0      0      0      0      0      0      0
 629    67.000      0      0      0      0      0      0      0      0      0      0      0      0
 630    67.250      0      0      0      0      0      0      0      0      0      0      0      0
 631    67.500      0      0      0      0      0      0      0      0      0      0      0      0
 632    67.750      0      0      0      0      0      0      0      0      0      0      0      0
 633    68.000      0      0      0      0      0      0      0      0      0      0      0      0
 634    68.250      0      0      0      0      0      0      0      0      0      0      0      0
 635    68.500      0      0      0      0      0      0      0      0      0      0      0      0
 636    68.750      0      0      0      0      0      0      0      0      0      0      0      0
 637    69.000      0      0      0      0      0      0      0      0      0      0      0      0
 638    69.250      0      0      0      0      0      0      0      0      0      0      0      0
 639    69.500      0      0      0      0      0      0      0      0      0      0      0      0
 640    69.750      0      0      0      0      0      0      0      0      0      0      0      0
 641    70.000      0      0      0      0      0      0      0      0      0      0      0      0
 642    70.250      0      0      0      0      0      0      0      0      0      0      0      0
 643    70.500      0      0      0      0      0      0      0      0      0      0      0      0
 644    70.750      0      0      0      0      0      0      0      0      0      0      0      0
 645    71.000      0      0      0      0      0      0      0      0      0      0      0      0
 646    71.250      0      0      0      0      0      0      0      0      0      0      0      0
 647    71.500      0      0      0      0      0      0      0      0      0      0      0      0
 648    71.750      0      0      0      0      0      0      0      0      0      0      0      0
 649    72.000      0      0      0      0      0      0      0      0      0      0      0      0
 650    72.250      0      0      0      0      0      0      0      0      0      0      0      0
 651    72.500      0      0      0      0      0      0      0      0      0      0      0      0
 652    72.750      0      0      0      0      0      0      0      0      0      0      0      0
 653    73.000      0      0      0      0      0      0      0      0      0      0      0      0
 654    73.250      0      0      0      0      0      0      0      0      0      0      0      0
 655    73.500      0      0      0      0      0      0      0      0      0      0      0      0
 656    73.750      0      0      0      0      0      0      0      0      0      0      0      0
 657    74.000      0      0      0      0      0      0      0      0      0      0      0      0
 658    74.250      0      0      0      0      0      0      0      0      0      0      0      0
 659    74.500      0      0      0      0      0      0      0      0      0      0      0      0
 660    74.750      0      0      0      0      0      0      0      0      0      0      0      0
 661    75.000      0      0      0      0      0      0      0      0      0      0      0      0
 662    75.250      0      0      0      0      0      0      0      0      0      0      0      0
 663    75.500      0      0      0      0      0      0      0      0      0      0      0      0
 664    75.750      0      0      0      0      0      0      0      0      0      0      0      0
 665    76.000      0      0      0      0      0      0      0      0      0      0      0      0
 666    76.250      0      0      0      0      0      0      0      0      0      0      0      0
 667    76.500      0      0      0      0      0      0      0      0      0      0      0      0
 668    76.750      0      0      0      0      0      0      0      0      0      0      0      0
 669    77.000      0      0      0      0      0      0      0      0      0      0      0      0
 670    77.250      0      0      0      0      0      0      0      0      0      0      0      0
 671    77.500      0      0      0      0      0      0      0      0      0      0      0      0
 672    77.750      0      0      0      0      0      0      0      0      0      0      0      0
 673    78.000      0      0      0      0      0      0      0      0      0      0      0      0
 674    78.250      0      0      0      0      0      0      0      0      0      0      0      0
 675    78.500      0      0      0      0      0      0      0      0      0      0      0      0
 676    78.750      0      0      0      0      0      0      0      0      0      0      0      0
 677    79.000      0      0      0      0      0      0      0      0      0      0      0      0
 678    79.250      0      0      0      0      0      0      0      0      0      0      0      0
 679    79.500      0      0      0      0      0      0      0      0      0      0      0      0
 680    79.750      0      0      0      0      0      0      0      0      0      0      0      0
 681    80.000      0      0      0      0      0      0      0      0      0      0      0      0
 682    80.250      0      0      0      0      0      0      0      0      0      0      0      0
 683    80.500      0      0      0      0      0      0      0      0      0      0      0      0
 684    80.750      0      0      0      0      0      0      0      0      0      0      0      0
 685    81.000      0      0      0      0      0      0      0      0      0      0      0      0
 686    81.250      0      0      0      0      0      0      0      0      0      0      0      0
 687    81.500      0      0      0      0      0      0      0      0      0      0      0      0
 688    81.750      0      0      0      0      0      0      0      0      0      0      0      0
 689    82.000      0      0      0      0      0      0      0      0      0      0      0      0
 690    82.250      0      0      0      0      0      0      0      0      0      0      0      0
 691    82.500      0      0      0      0      0      0      0      0      0      0      0      0
 692    82.750      0      0      0      0      0      0      0      0      0      0      0      0
 693    83.000      0      0      0      0      0      0      0      0      0      0      0      0
 694    83.250      0      0      0      0      0      0      0      0      0      0      0      0
 695    83.500      0      0      0      0      0      0      0      0      0      0      0      0
 696    83.750      0      0      0      0      0      0      0      0      0      0      0      0
 697    84.000      0      0      0      0      0      0      0      0      0      0      0      0
 698    84.250      0      0      0      0      0      0      0      0      0      0      0      0
 699    84.500      0      0      0      0      0      0      0      0      0      0      0      0
 700    84.750      0      0      0      0      0      0      0      0      0      0      0      0
 701    85.000      0      0      0      0      0      0      0      0      0      0      0      0
 702    85.250      0      0      0      0      0      0      0      0      0      0      0      0
 703    85.500      0      0      0      0      0      0      0      0      0      0      0      0
 704    85.750      0      0      0      0      0      0      0      0      0      0      0      0
 705    86.000      0      0      0      0      0      0      0      0      0      0      0      0
 706    86.250      0      0      0      0      0      0      0      0      0      0      0      0
 707    86.500      0      0      0      0      0      0      0      0      0      0      0      0
 708    86.750      0      0      0      0      0      0      0      0      0      0      0      0
 709    87.000      0      0      0      0      0      0      0      0      0      0      0      0
 710    87.250      0      0      0      0      0      0      0      0      0      0      0      0
 711    87.500      0      0      0      0      0      0      0      0      0      0      0      0
 712    87.750      0      0      0      0      0      0      0      0      0      0      0      0
 713    88.000      0      0      0      0      0      0      0      0      0      0      0      0
 714    88.250      0      0      0      0      0      0      0      0      0      0      0      0
 715    88.500      0      0      0      0      0      0      0      0      0      0      0      0
 716    88.750      0      0      0      0      0      0      0      0      0      0      0      0
 717    89.000      0      0      0      0      0      0      0      0      0      0      0      0
 718    89.250      0      0      0      0      0      0      0      0      0      0      0      0
 719    89.500      0      0      0      0      0      0      0      0      0      0      0      0
 720    89.750      0      0      0      0      0      0      0      0      0      0      0      0
 721    90.000      0      0      0      0      0      0      0      0      0      0      0      0
 
last data file /discover/nobackup/projects/gmao/nwposse/develop/osse529/obs/Y2006/M06/D27/H18/osse529.diag_conv.20060627_18z.ods
sum of counts =    16970
