Channel Counts and Statistics
Data from  10 times
Last date and time:     20060627      120000
Last file of data: /discover/nobackup/projects/gmao/nwposse/develop/osse529/obs/Y2006/M06/D27/H12/osse529.diag_conv.20060627_12z.ods
Number of channels:  12
LatN, LatS:     90.0   -90.0
LonW, LonE:      0.0   360.0
Surface type: BOTH
 
Table 1: in, plevs, index_used, avg counts, means(omf,oma,amf), stdvs(omf,oma,amf), r=stdv(oma)/stdv(omf)
    1        0.00    0       0    0.000000    0.000000    0.000000    0.000000    0.000000    0.000000    0.000000
    2        0.00    0       0    0.000000    0.000000    0.000000    0.000000    0.000000    0.000000    0.000000
    3        0.00    0       0    0.000000    0.000000    0.000000    0.000000    0.000000    0.000000    0.000000
    4        0.00    0       0    0.000000    0.000000    0.000000    0.000000    0.000000    0.000000    0.000000
    5        0.00    1    1713    0.115818    0.069572   -0.046246    1.436657    1.389463    0.245660    0.967150
    6       71.43    2    2663    0.000004    0.015869    0.015865    1.373956    1.203403    0.397860    0.875867
    7      214.29    3    2100   -0.208681   -0.208227    0.000454    1.231996    1.039451    0.444747    0.843713
    8      357.14    4    1305   -0.044869   -0.059241   -0.014371    0.924673    0.618158    0.482528    0.668516
    9      500.00    5    2228   -0.065715   -0.011820    0.053896    0.859527    0.474819    0.543024    0.552419
   10      642.86    6    4363   -0.155584   -0.008759    0.146825    0.966281    0.534734    0.623422    0.553394
   11      785.71    7    3484   -0.234511    0.016529    0.251040    1.225539    0.658546    0.833265    0.537352
   12      928.57    8    3604   -0.090448    0.090963    0.181411    1.780366    1.207273    0.984394    0.678104
 
Table 2: Average number of obs in lat range per synop period
 
      channel=      1      2      3      4      5      6      7      8      9     10     11     12
 
   1   -90.000      0      0      0      0      0      0      0      0      0      0      0      0
   2   -89.750      0      0      0      0      0      0      0      0      0      0      0      0
   3   -89.500      0      0      0      0      0      0      0      0      0      0      0      0
   4   -89.250      0      0      0      0      0      0      0      0      0      0      0      0
   5   -89.000      0      0      0      0      0      0      0      0      0      0      0      0
   6   -88.750      0      0      0      0      0      0      0      0      0      0      0      0
   7   -88.500      0      0      0      0      0      0      0      0      0      0      0      0
   8   -88.250      0      0      0      0      0      0      0      0      0      0      0      0
   9   -88.000      0      0      0      0      0      0      0      0      0      0      0      0
  10   -87.750      0      0      0      0      0      0      0      0      0      0      0      0
  11   -87.500      0      0      0      0      0      0      0      0      0      0      0      0
  12   -87.250      0      0      0      0      0      0      0      0      0      0      0      0
  13   -87.000      0      0      0      0      0      0      0      0      0      0      0      0
  14   -86.750      0      0      0      0      0      0      0      0      0      0      0      0
  15   -86.500      0      0      0      0      0      0      0      0      0      0      0      0
  16   -86.250      0      0      0      0      0      0      0      0      0      0      0      0
  17   -86.000      0      0      0      0      0      0      0      0      0      0      0      0
  18   -85.750      0      0      0      0      0      0      0      0      0      0      0      0
  19   -85.500      0      0      0      0      0      0      0      0      0      0      0      0
  20   -85.250      0      0      0      0      0      0      0      0      0      0      0      0
  21   -85.000      0      0      0      0      0      0      0      0      0      0      0      0
  22   -84.750      0      0      0      0      0      0      0      0      0      0      0      0
  23   -84.500      0      0      0      0      0      0      0      0      0      0      0      0
  24   -84.250      0      0      0      0      0      0      0      0      0      0      0      0
  25   -84.000      0      0      0      0      0      0      0      0      0      0      0      0
  26   -83.750      0      0      0      0      0      0      0      0      0      0      0      0
  27   -83.500      0      0      0      0      0      0      0      0      0      0      0      0
  28   -83.250      0      0      0      0      0      0      0      0      0      0      0      0
  29   -83.000      0      0      0      0      0      0      0      0      0      0      0      0
  30   -82.750      0      0      0      0      0      0      0      0      0      0      0      0
  31   -82.500      0      0      0      0      0      0      0      0      0      0      0      0
  32   -82.250      0      0      0      0      0      0      0      0      0      0      0      0
  33   -82.000      0      0      0      0      0      0      0      0      0      0      0      0
  34   -81.750      0      0      0      0      0      0      0      0      0      0      0      0
  35   -81.500      0      0      0      0      0      0      0      0      0      0      0      0
  36   -81.250      0      0      0      0      0      0      0      0      0      0      0      0
  37   -81.000      0      0      0      0      0      0      0      0      0      0      0      0
  38   -80.750      0      0      0      0      0      0      0      0      0      0      0      0
  39   -80.500      0      0      0      0      0      0      0      0      0      0      0      0
  40   -80.250      0      0      0      0      0      0      0      0      0      0      0      0
  41   -80.000      0      0      0      0      0      0      0      0      0      0      0      0
  42   -79.750      0      0      0      0      0      0      0      0      0      0      0      0
  43   -79.500      0      0      0      0      0      0      0      0      0      0      0      0
  44   -79.250      0      0      0      0      0      0      0      0      0      0      0      0
  45   -79.000      0      0      0      0      0      0      0      0      0      0      0      0
  46   -78.750      0      0      0      0      0      0      0      0      0      0      0      0
  47   -78.500      0      0      0      0      0      0      0      0      0      0      0      0
  48   -78.250      0      0      0      0      0      0      0      0      0      0      0      0
  49   -78.000      0      0      0      0      0      0      0      0      0      0      0      0
  50   -77.750      0      0      0      0      0      1      1      0      0      2      1      3
  51   -77.500      0      0      0      0      0      0      0      0      0      0      0      0
  52   -77.250      0      0      0      0      0      0      0      0      0      0      0      0
  53   -77.000      0      0      0      0      0      0      0      0      0      0      0      0
  54   -76.750      0      0      0      0      0      0      0      0      0      0      0      0
  55   -76.500      0      0      0      0      0      0      0      0      0      0      0      0
  56   -76.250      0      0      0      0      0      0      0      0      0      0      0      0
  57   -76.000      0      0      0      0      0      0      0      0      0      0      0      0
  58   -75.750      0      0      0      0      0      0      0      0      0      0      0      0
  59   -75.500      0      0      0      0      0      0      0      0      0      0      0      0
  60   -75.250      0      0      0      0      0      0      1      0      0      0      0      0
  61   -75.000      0      0      0      0      0      0      0      1      3      2      0      0
  62   -74.750      0      0      0      0      0      0      0      0      0      0      0      0
  63   -74.500      0      0      0      0      0      0      0      0      0      0      0      0
  64   -74.250      0      0      0      0      0      0      0      0      0      0      0      0
  65   -74.000      0      0      0      0      0      0      0      0      0      0      0      0
  66   -73.750      0      0      0      0      0      0      0      0      0      0      0      0
  67   -73.500      0      0      0      0      0      0      0      0      0      0      0      0
  68   -73.250      0      0      0      0      0      0      0      0      0      0      0      0
  69   -73.000      0      0      0      0      0      0      0      0      0      0      0      0
  70   -72.750      0      0      0      0      0      0      0      0      0      0      0      0
  71   -72.500      0      0      0      0      0      0      0      0      0      0      0      0
  72   -72.250      0      0      0      0      0      0      0      0      0      0      0      0
  73   -72.000      0      0      0      0      0      0      0      0      0      0      0      0
  74   -71.750      0      0      0      0      0      0      0      0      0      0      0      0
  75   -71.500      0      0      0      0      0      0      0      0      0      0      0      0
  76   -71.250      0      0      0      0      0      0      0      0      0      0      0      0
  77   -71.000      0      0      0      0      0      0      0      0      0      0      0      0
  78   -70.750      0      0      0      0      1      2      2      1      1      3      3      3
  79   -70.500      0      0      0      0      0      0      0      0      0      0      0      0
  80   -70.250      0      0      0      0      0      0      0      0      0      0      0      0
  81   -70.000      0      0      0      0      0      0      0      0      0      0      0      0
  82   -69.750      0      0      0      0      0      0      0      0      0      0      0      0
  83   -69.500      0      0      0      0      0      0      0      0      0      0      0      0
  84   -69.250      0      0      0      0      1      1      0      0      0      0      0      0
  85   -69.000      0      0      0      0      2      2      3      2      5      8      6      6
  86   -68.750      0      0      0      0      1      2      3      0      1      1      1      0
  87   -68.500      0      0      0      0      0      0      0      1      3      4      4      6
  88   -68.250      0      0      0      0      0      0      0      0      0      0      0      0
  89   -68.000      0      0      0      0      0      0      0      0      0      0      0      0
  90   -67.750      0      0      0      0      0      0      0      0      0      0      0      0
  91   -67.500      0      0      0      0      0      0      0      0      1      2      2      3
  92   -67.250      0      0      0      0      0      0      0      0      0      0      0      0
  93   -67.000      0      0      0      0      0      1      0      0      0      0      0      0
  94   -66.750      0      0      0      0      0      1      0      0      1      3      4      4
  95   -66.500      0      0      0      0      1      3      2      1      1      0      0      0
  96   -66.250      0      0      0      0      1      0      1      1      4      6      6      7
  97   -66.000      0      0      0      0      0      0      0      0      0      0      0      0
  98   -65.750      0      0      0      0      0      0      0      0      0      0      0      0
  99   -65.500      0      0      0      0      0      0      0      0      0      0      0      0
 100   -65.250      0      0      0      0      0      0      0      0      0      0      0      0
 101   -65.000      0      0      0      0      0      0      0      0      0      0      0      0
 102   -64.750      0      0      0      0      0      0      0      0      0      0      0      0
 103   -64.500      0      0      0      0      0      0      0      0      0      0      0      0
 104   -64.250      0      0      0      0      0      0      0      0      0      0      0      0
 105   -64.000      0      0      0      0      0      0      0      0      0      0      0      0
 106   -63.750      0      0      0      0      0      0      0      0      0      0      0      0
 107   -63.500      0      0      0      0      0      0      0      0      0      0      0      0
 108   -63.250      0      0      0      0      0      0      0      0      0      0      0      0
 109   -63.000      0      0      0      0      0      0      0      0      0      0      0      0
 110   -62.750      0      0      0      0      0      0      0      0      0      0      0      0
 111   -62.500      0      0      0      0      0      0      0      0      0      0      0      0
 112   -62.250      0      0      0      0      0      0      0      0      0      0      0      0
 113   -62.000      0      0      0      0      0      0      0      0      0      0      0      0
 114   -61.750      0      0      0      0      0      0      0      0      0      0      0      0
 115   -61.500      0      0      0      0      0      0      0      0      0      0      0      0
 116   -61.250      0      0      0      0      0      0      0      0      0      0      0      0
 117   -61.000      0      0      0      0      0      0      0      0      0      0      0      0
 118   -60.750      0      0      0      0      0      0      0      0      0      0      0      0
 119   -60.500      0      0      0      0      0      0      0      0      0      0      0      0
 120   -60.250      0      0      0      0      0      0      0      0      0      0      0      0
 121   -60.000      0      0      0      0      0      0      0      0      0      0      0      0
 122   -59.750      0      0      0      0      0      0      0      0      0      0      0      0
 123   -59.500      0      0      0      0      0      0      0      0      0      0      0      0
 124   -59.250      0      0      0      0      0      0      0      0      0      0      0      0
 125   -59.000      0      0      0      0      0      0      0      0      0      0      0      0
 126   -58.750      0      0      0      0      0      0      0      0      0      0      0      0
 127   -58.500      0      0      0      0      0      0      0      0      0      0      0      0
 128   -58.250      0      0      0      0      0      0      0      0      0      0      0      0
 129   -58.000      0      0      0      0      0      0      0      0      0      0      0      0
 130   -57.750      0      0      0      0      0      0      0      0      0      0      0      0
 131   -57.500      0      0      0      0      0      0      0      0      0      0      0      0
 132   -57.250      0      0      0      0      0      0      0      0      0      0      0      0
 133   -57.000      0      0      0      0      0      0      0      0      0      0      0      0
 134   -56.750      0      0      0      0      0      0      0      0      0      0      0      0
 135   -56.500      0      0      0      0      0      0      0      0      0      0      0      0
 136   -56.250      0      0      0      0      0      0      0      0      0      0      0      0
 137   -56.000      0      0      0      0      0      0      0      0      0      0      0      0
 138   -55.750      0      0      0      0      0      0      0      0      0      0      0      0
 139   -55.500      0      0      0      0      0      0      0      0      0      0      0      0
 140   -55.250      0      0      0      0      0      0      0      0      0      0      0      0
 141   -55.000      0      0      0      0      0      0      0      0      0      0      0      0
 142   -54.750      0      0      0      0      0      0      1      0      0      0      0      0
 143   -54.500      0      0      0      0      0      0      0      0      4      7      7      7
 144   -54.250      0      0      0      0      1      0      1      1      1      0      0      0
 145   -54.000      0      0      0      0      0      1      0      0      0      0      0      0
 146   -53.750      0      0      0      0      1      0      0      0      0      0      0      0
 147   -53.500      0      0      0      0      0      0      0      0      0      0      0      0
 148   -53.250      0      0      0      0      0      0      0      0      0      0      0      0
 149   -53.000      0      0      0      0      0      0      0      0      0      3      2      3
 150   -52.750      0      0      0      0      0      0      0      0      0      0      0      0
 151   -52.500      0      0      0      0      0      0      0      0      0      0      0      0
 152   -52.250      0      0      0      0      0      0      0      0      0      0      0      0
 153   -52.000      0      0      0      0      0      0      0      0      0      0      0      0
 154   -51.750      0      0      0      0      0      1      1      0      2      3      3      3
 155   -51.500      0      0      0      0      0      0      0      0      0      0      0      0
 156   -51.250      0      0      0      0      0      0      0      0      0      0      0      0
 157   -51.000      0      0      0      0      0      0      0      0      0      0      0      0
 158   -50.750      0      0      0      0      0      0      0      0      0      0      0      0
 159   -50.500      0      0      0      0      0      0      0      0      0      0      0      0
 160   -50.250      0      0      0      0      0      0      0      0      0      0      0      0
 161   -50.000      0      0      0      0      0      0      0      0      0      0      0      0
 162   -49.750      0      0      0      0      0      0      0      0      0      0      0      0
 163   -49.500      0      0      0      0      0      0      0      0      0      0      0      0
 164   -49.250      0      0      0      0      0      0      0      0      0      0      0      0
 165   -49.000      0      0      0      0      0      0      0      0      0      0      0      0
 166   -48.750      0      0      0      0      0      0      0      0      0      0      0      0
 167   -48.500      0      0      0      0      0      0      0      0      0      0      0      0
 168   -48.250      0      0      0      0      0      0      0      0      0      0      0      0
 169   -48.000      0      0      0      0      0      0      0      0      0      0      0      0
 170   -47.750      0      0      0      0      0      0      0      0      0      0      0      0
 171   -47.500      0      0      0      0      0      0      0      0      0      0      0      0
 172   -47.250      0      0      0      0      0      0      0      0      0      0      0      0
 173   -47.000      0      0      0      0      0      0      0      0      0      0      0      0
 174   -46.750      0      0      0      0      0      0      0      0      0      0      0      0
 175   -46.500      0      0      0      0      0      0      0      0      1      3      7      6
 176   -46.250      0      0      0      0      1      1      1      1      2      3      0      0
 177   -46.000      0      0      0      0      1      1      0      0      0      0      0      0
 178   -45.750      0      0      0      0      0      0      0      0      0      0      0      0
 179   -45.500      0      0      0      0      0      0      0      0      0      0      0      0
 180   -45.250      0      0      0      0      0      0      0      0      0      0      0      0
 181   -45.000      0      0      0      0      0      0      0      0      0      0      0      0
 182   -44.750      0      0      0      0      0      0      0      0      0      0      0      0
 183   -44.500      0      0      0      0      0      0      0      0      0      0      0      0
 184   -44.250      0      0      0      0      0      0      0      0      0      0      0      0
 185   -44.000      0      0      0      0      0      0      0      0      0      0      0      0
 186   -43.750      0      0      0      0      0      0      0      0      0      0      0      0
 187   -43.500      0      0      0      0      0      0      0      0      0      0      0      0
 188   -43.250      0      0      0      0      0      0      0      0      0      0      0      0
 189   -43.000      0      0      0      0      0      0      0      0      0      0      0      0
 190   -42.750      0      0      0      0      0      2      3      1      3      8      6      8
 191   -42.500      0      0      0      0      1      0      0      0      0      0      0      0
 192   -42.250      0      0      0      0      0      0      0      0      0      0      0      0
 193   -42.000      0      0      0      0      0      0      0      0      0      0      0      0
 194   -41.750      0      0      0      0      0      1      0      0      0      0      0      0
 195   -41.500      0      0      0      0      0      0      1      1      2      3      3      3
 196   -41.250      0      0      0      0      0      0      0      0      0      0      0      0
 197   -41.000      0      0      0      0      0      0      1      0      1      3      4      7
 198   -40.750      0      0      0      0      1      2      2      1      1      3      1      0
 199   -40.500      0      0      0      0      0      0      0      0      0      0      0      0
 200   -40.250      0      0      0      0      0      0      0      0      0      0      0      0
 201   -40.000      0      0      0      0      0      0      0      0      0      0      0      0
 202   -39.750      0      0      0      0      0      0      0      0      0      0      0      0
 203   -39.500      0      0      0      0      0      0      0      0      0      0      0      0
 204   -39.250      0      0      0      0      0      0      0      0      0      0      0      0
 205   -39.000      0      0      0      0      0      0      0      0      0      0      0      0
 206   -38.750      0      0      0      0      0      0      0      0      0      0      0      0
 207   -38.500      0      0      0      0      0      0      0      0      0      0      0      0
 208   -38.250      0      0      0      0      0      0      0      0      0      0      0      0
 209   -38.000      0      0      0      0      0      0      0      0      0      0      0      0
 210   -37.750      0      0      0      0      0      0      0      1      2      5      6      9
 211   -37.500      0      0      0      0      0      2      3      1      0      1      0      0
 212   -37.250      0      0      0      0      0      1      0      0      0      0      0      0
 213   -37.000      0      0      0      0      0      0      0      0      0      0      0      0
 214   -36.750      0      0      0      0      1      2      3      2      2      6      7      7
 215   -36.500      0      0      0      0      0      1      0      0      0      0      0      0
 216   -36.250      0      0      0      0      0      0      0      0      0      0      0      0
 217   -36.000      0      0      0      0      0      0      0      0      0      0      0      0
 218   -35.750      0      0      0      0      0      0      0      0      0      0      0      0
 219   -35.500      0      0      0      0      0      0      0      0      0      0      0      0
 220   -35.250      0      0      0      0      0      1      1      0      1      2      1      2
 221   -35.000      0      0      0      0      1      2      2      1      4      8      8      8
 222   -34.750      0      0      0      0      0      2      3      1      0      2      2      3
 223   -34.500      0      0      0      0      1      1      0      0      0      0      0      0
 224   -34.250      0      0      0      0      1      3      1      0      0      0      0      0
 225   -34.000      0      0      0      0      1      4      5      3      6     14     11     15
 226   -33.750      0      0      0      0      0      2      3      1      3      7      5      7
 227   -33.500      0      0      0      0      0      0      0      0      0      0      0      0
 228   -33.250      0      0      0      0      0      0      0      0      0      0      0      0
 229   -33.000      0      0      0      0      0      0      0      0      0      0      0      0
 230   -32.750      0      0      0      0      0      1      1      0      1      4      2      4
 231   -32.500      0      0      0      0      0      0      0      0      0      0      0      0
 232   -32.250      0      0      0      0      0      0      0      0      0      0      0      0
 233   -32.000      0      0      0      0      0      0      1      1      4      8      5      7
 234   -31.750      0      0      0      0      1      3      1      0      0      0      0      0
 235   -31.500      0      0      0      0      0      0      1      0      2      4      3      3
 236   -31.250      0      0      0      0      0      1      0      0      0      1      3      3
 237   -31.000      0      0      0      0      1      1      1      0      0      1      0      0
 238   -30.750      0      0      0      0      1      2      2      1      3      6      5      3
 239   -30.500      0      0      0      0      0      1      0      0      0      0      0      0
 240   -30.250      0      0      0      0      0      0      0      0      0      0      0      0
 241   -30.000      0      0      0      0      0      1      0      0      0      0      0      1
 242   -29.750      0      0      0      0      0      0      1      1      2      7      6      8
 243   -29.500      0      0      0      0      0      1      1      0      0      1      0      0
 244   -29.250      0      0      0      0      1      2      1      0      0      0      0      0
 245   -29.000      0      0      0      0      0      1      2      1      4      6      7      3
 246   -28.750      0      0      0      0      1      1      0      0      0      3      3      2
 247   -28.500      0      0      0      0      0      0      0      0      0      0      0      0
 248   -28.250      0      0      0      0      0      0      0      0      0      0      0      0
 249   -28.000      0      0      0      0      0      0      0      0      0      0      0      0
 250   -27.750      0      0      0      0      0      0      0      0      0      0      0      1
 251   -27.500      0      0      0      0      0      2      1      1      3      6      6      8
 252   -27.250      0      0      0      0      0      1      1      0      0      0      0      0
 253   -27.000      0      0      0      0      0      0      0      0      0      0      0      0
 254   -26.750      0      0      0      0      0      0      0      0      0      2      1      0
 255   -26.500      0      0      0      0      0      2      1      1      4      6      4      4
 256   -26.250      0      0      0      0      1      1      1      0      0      0      0      0
 257   -26.000      0      0      0      0      0      2      1      1      2      5      4      0
 258   -25.750      0      0      0      0      1      2      2      0      1      4      1      0
 259   -25.500      0      0      0      0      0      1      3      3      6     11     12     11
 260   -25.250      0      0      0      0      1      4      2      0      1      4      3      4
 261   -25.000      0      0      0      0      0      1      0      0      0      0      0      0
 262   -24.750      0      0      0      0      0      0      0      0      0      0      0      0
 263   -24.500      0      0      0      0      0      0      0      0      0      0      0      0
 264   -24.250      0      0      0      0      0      0      0      0      0      0      0      0
 265   -24.000      0      0      0      0      0      0      0      0      0      0      0      0
 266   -23.750      0      0      0      0      0      0      0      0      0      1      0      0
 267   -23.500      0      0      0      0      1      4      3      2      3      7      6      9
 268   -23.250      0      0      0      0      1      2      2      1      6      9      7      8
 269   -23.000      0      0      0      0      2      4      1      0      0      0      0      0
 270   -22.750      0      0      0      0      0      2      1      0      1      3      2      5
 271   -22.500      0      0      0      0      0      0      0      0      2      2      1      0
 272   -22.250      0      0      0      0      0      1      1      1      4      8      6      7
 273   -22.000      0      0      0      0      1      2      1      0      0      0      0      0
 274   -21.750      0      0      0      0      0      0      0      0      0      0      0      0
 275   -21.500      0      0      0      0      0      0      0      0      0      0      0      0
 276   -21.250      0      0      0      0      0      0      0      0      0      0      0      0
 277   -21.000      0      0      0      0      0      0      0      0      0      0      0      0
 278   -20.750      0      0      0      0      0      0      0      0      0      1      1      1
 279   -20.500      0      0      0      0      0      2      1      1      2      6      2      3
 280   -20.250      0      0      0      0      0      0      0      0      0      0      0      1
 281   -20.000      0      0      0      0      0      0      0      0      0      0      0      0
 282   -19.750      0      0      0      0      0      1      0      0      1      3      3      2
 283   -19.500      0      0      0      0      0      1      0      0      1      1      0      0
 284   -19.250      0      0      0      0      0      0      0      0      0      0      0      0
 285   -19.000      0      0      0      0      0      2      2      1      5      9      5      7
 286   -18.750      0      0      0      0      1      2      1      0      0      0      0      0
 287   -18.500      0      0      0      0      0      0      0      0      0      0      0      0
 288   -18.250      0      0      0      0      0      0      0      0      0      0      0      0
 289   -18.000      0      0      0      0      1      3      1      0      4      5      3      4
 290   -17.750      0      0      0      0      2      4      2      1      4      7      7      7
 291   -17.500      0      0      0      0      0      0      0      0      0      0      0      0
 292   -17.250      0      0      0      0      0      0      0      0      0      0      0      0
 293   -17.000      0      0      0      0      0      0      0      0      0      0      0      0
 294   -16.750      0      0      0      0      0      0      0      0      0      0      0      0
 295   -16.500      0      0      0      0      2      3      1      0      0      0      0      0
 296   -16.250      0      0      0      0      1      2      2      2      8      9      8      6
 297   -16.000      0      0      0      0      2      4      2      1      4      8      5      3
 298   -15.750      0      0      0      0      2      4      2      2      3      9      5      6
 299   -15.500      0      0      0      0      0      1      0      0      0      0      0      0
 300   -15.250      0      0      0      0      0      0      0      0      0      0      0      0
 301   -15.000      0      0      0      0      0      0      0      0      0      0      0      0
 302   -14.750      0      0      0      0      0      0      0      0      0      0      0      0
 303   -14.500      0      0      0      0      3      2      1      0      0      0      0      0
 304   -14.250      0      0      0      0      0      2      1      1      2      5      6      8
 305   -14.000      0      0      0      0      0      0      0      0      0      0      0      0
 306   -13.750      0      0      0      0      0      0      0      0      0      0      0      0
 307   -13.500      0      0      0      0      0      0      0      0      0      0      0      0
 308   -13.250      0      0      0      0      0      0      0      0      0      0      0      0
 309   -13.000      0      0      0      0      0      0      0      0      0      0      0      0
 310   -12.750      0      0      0      0      1      3      2      1      2      6      2      5
 311   -12.500      0      0      0      0      2      4      3      2      7     10      7      7
 312   -12.250      0      0      0      0      1      3      2      1      1      5      4      5
 313   -12.000      0      0      0      0      0      0      0      0      0      0      0      0
 314   -11.750      0      0      0      0      0      0      0      0      0      0      0      0
 315   -11.500      0      0      0      0      0      0      0      0      0      0      0      0
 316   -11.250      0      0      0      0      0      0      0      0      0      0      0      0
 317   -11.000      0      0      0      0      0      0      0      0      0      0      0      0
 318   -10.750      0      0      0      0      0      0      0      0      0      0      0      0
 319   -10.500      0      0      0      0      0      0      0      0      0      0      0      0
 320   -10.250      0      0      0      0      1      2      1      1      1      4      2      4
 321   -10.000      0      0      0      0      0      1      1      0      0      4      0      0
 322    -9.750      0      0      0      0      2      5      2      2      2      9      5      9
 323    -9.500      0      0      0      0      1      2      1      0      0      0      0      1
 324    -9.250      0      0      0      0      0      0      0      0      1      3      3      1
 325    -9.000      0      0      0      0      0      0      0      0      0      0      0      0
 326    -8.750      0      0      0      0      0      1      1      1      1      4      2      3
 327    -8.500      0      0      0      0      2      5      2      1      2      6      5      7
 328    -8.250      0      0      0      0      0      0      0      0      0      0      0      0
 329    -8.000      0      0      0      0      1      1      1      1      2      3      2      3
 330    -7.750      0      0      0      0      0      2      1      0      3      3      3      3
 331    -7.500      0      0      0      0      2      4      2      1      3      5      2      3
 332    -7.250      0      0      0      0      0      0      0      0      2      4      3      4
 333    -7.000      0      0      0      0      0      0      0      0      0      0      0      0
 334    -6.750      0      0      0      0      0      0      0      0      0      0      0      0
 335    -6.500      0      0      0      0      0      0      0      0      0      0      0      0
 336    -6.250      0      0      0      0      1      2      0      0      0      0      0      0
 337    -6.000      0      0      0      0      0      5      3      2      3      8      7     12
 338    -5.750      0      0      0      0      1      2      1      1      2      4      2      4
 339    -5.500      0      0      0      0      0      0      0      0      0      0      0      0
 340    -5.250      0      0      0      0      1      2      0      0      0      0      0      0
 341    -5.000      0      0      0      0      2      2      2      1      4      7      6      8
 342    -4.750      0      0      0      0      1      4      3      2      3      8      6      8
 343    -4.500      0      0      0      0      1      2      1      1      1      4      2      3
 344    -4.250      0      0      0      0      0      2      1      1      1      3      2      4
 345    -4.000      0      0      0      0      1      2      1      0      0      0      0      0
 346    -3.750      0      0      0      0      1      5      3      2      4     10      9     13
 347    -3.500      0      0      0      0      0      1      1      1      0      1      2      4
 348    -3.250      0      0      0      0      1      3      2      2      2      7      5      7
 349    -3.000      0      0      0      0      0      1      0      0      0      0      0      0
 350    -2.750      0      0      0      0      2      3      2      1      1      3      2      3
 351    -2.500      0      0      0      0      1      3      2      1      2      7      4      9
 352    -2.250      0      0      0      0      1      2      0      0      0      2      2      4
 353    -2.000      0      0      0      0      0      0      0      0      0      0      0      0
 354    -1.750      0      0      0      0      0      0      0      0      0      0      0      0
 355    -1.500      0      0      0      0      1      2      1      0      0      0      1      5
 356    -1.250      0      0      0      0      2      5      3      2      4     10      7      9
 357    -1.000      0      0      0      0      1      2      1      0      1      3      2      3
 358    -0.750      0      0      0      0      1      2      2      1      1      1      1      3
 359    -0.500      0      0      0      0      0      0      0      0      0      0      0      0
 360    -0.250      0      0      0      0      0      2      1      0      0      1      2      4
 361     0.000      0      0      0      0      0      3      1      1      2      4      2      4
 362     0.250      0      0      0      0      0      0      0      0      0      0      0      0
 363     0.500      0      0      0      0      0      0      0      0      0      0      0      0
 364     0.750      0      0      0      0      0      0      0      0      0      0      0      0
 365     1.000      0      0      0      0      0      0      0      0      0      0      0      0
 366     1.250      0      0      0      0      3      4      3      1      3      9      7     10
 367     1.500      0      0      0      0      3      5      3      2      1      5      4      6
 368     1.750      0      0      0      0      0      0      0      0      0      0      0      0
 369     2.000      0      0      0      0      0      0      0      0      0      0      0      0
 370     2.250      0      0      0      0      0      0      0      0      0      0      0      0
 371     2.500      0      0      0      0      0      2      1      1      1      3      2      3
 372     2.750      0      0      0      0      3      6      4      3      3      6      8     11
 373     3.000      0      0      0      0      0      2      1      0      0      3      2      2
 374     3.250      0      0      0      0      3      5      4      3      2      8      7     11
 375     3.500      0      0      0      0      1      2      1      1      2      2      2      4
 376     3.750      0      0      0      0      1      4      2      1      1      4      4      6
 377     4.000      0      0      0      0      2      5      4      2      3     10      7     11
 378     4.250      0      0      0      0      2      4      3      2      1      6      4      8
 379     4.500      0      0      0      0      0      0      0      0      0      0      0      0
 380     4.750      0      0      0      0      1      2      1      1      1      2      1      0
 381     5.000      0      0      0      0      0      0      0      0      0      0      0      0
 382     5.250      0      0      0      0      3      6      3      3      4      6      4      7
 383     5.500      0      0      0      0      0      2      1      0      0      3      1      3
 384     5.750      0      0      0      0      0      0      0      0      0      0      0      0
 385     6.000      0      0      0      0      2      5      2      1      1      5      3      5
 386     6.250      0      0      0      0      1      3      2      2      1      6      4      7
 387     6.500      0      0      0      0      0      0      0      0      0      0      0      0
 388     6.750      0      0      0      0      0      0      0      0      0      0      0      0
 389     7.000      0      0      0      0      7     13      7      4      5     16     11     22
 390     7.250      0      0      0      0      5      8      5      4      5     12      8     13
 391     7.500      0      0      0      0      4      6      3      2      3      8      7     10
 392     7.750      0      0      0      0      0      0      0      0      0      0      0      0
 393     8.000      0      0      0      0      1      2      1      0      0      2      2      4
 394     8.250      0      0      0      0      0      0      0      0      0      0      0      0
 395     8.500      0      0      0      0      0      0      0      0      0      0      0      0
 396     8.750      0      0      0      0      1      2      1      1      1      3      1      4
 397     9.000      0      0      0      0      0      0      0      0      0      0      0      0
 398     9.250      0      0      0      0      0      1      0      0      0      0      0      0
 399     9.500      0      0      0      0      2      3      2      2      1      6      4      9
 400     9.750      0      0      0      0      0      2      1      1      0      1      2      4
 401    10.000      0      0      0      0      0      0      0      0      0      0      0      0
 402    10.250      0      0      0      0      1      4      2      1      0      5      3      6
 403    10.500      0      0      0      0      2      3      2      2      3      7      6      8
 404    10.750      0      0      0      0      3      6      3      2      1      5      5      7
 405    11.000      0      0      0      0      0      1      1      1      1      2      3      5
 406    11.250      0      0      0      0      0      0      0      0      0      0      0      0
 407    11.500      0      0      0      0      0      0      0      0      0      0      0      0
 408    11.750      0      0      0      0      0      0      0      0      0      0      0      0
 409    12.000      0      0      0      0      0      2      1      0      2      4      2      1
 410    12.250      0      0      0      0      0      0      0      0      0      0      0      0
 411    12.500      0      0      0      0      0      0      0      0      0      0      0      0
 412    12.750      0      0      0      0      0      0      0      0      0      0      0      0
 413    13.000      0      0      0      0      2      3      2      2      6      9      6      7
 414    13.250      0      0      0      0      2      3      1      0      0      0      0      0
 415    13.500      0      0      0      0      3      4      3      3      5     10      8     10
 416    13.750      0      0      0      0      0      1      0      0      0      0      0      0
 417    14.000      0      0      0      0      0      0      0      0      0      0      0      0
 418    14.250      0      0      0      0      0      0      0      0      0      0      0      0
 419    14.500      0      0      0      0      1      4      2      1      1      4      4      3
 420    14.750      0      0      0      0      0      2      0      0      0      0      0      0
 421    15.000      0      0      0      0      0      0      0      0      0      1      1      2
 422    15.250      0      0      0      0      0      1      0      0      0      3      1      2
 423    15.500      0      0      0      0      0      0      0      0      0      0      0      0
 424    15.750      0      0      0      0      0      0      0      0      0      0      0      0
 425    16.000      0      0      0      0      4      5      3      2      1      5      5      8
 426    16.250      0      0      0      0      0      1      0      0      0      0      0      0
 427    16.500      0      0      0      0      0      1      1      1      1      2      3      1
 428    16.750      0      0      0      0      4     10      5      2      4     10     12     21
 429    17.000      0      0      0      0      1      3      3      3      3      7      7      7
 430    17.250      0      0      0      0      0      0      0      0      0      0      0      0
 431    17.500      0      0      0      0      4      6      3      2      1      6      5      8
 432    17.750      0      0      0      0      0      2      1      1      1      4      2      4
 433    18.000      0      0      0      0      2      5      3      2      3      7      5      7
 434    18.250      0      0      0      0      2      6      4      2      4      7      5      3
 435    18.500      0      0      0      0      4      5      3      3      8     10      9     12
 436    18.750      0      0      0      0      2      3      2      1      3      9      5      6
 437    19.000      0      0      0      0      2      4      1      0      0      2      2      3
 438    19.250      0      0      0      0      2      4      2      1      3      7      4      8
 439    19.500      0      0      0      0      1      2      2      3      5      6      3      0
 440    19.750      0      0      0      0      3      5      3      2      7      8      8      8
 441    20.000      0      0      0      0      4     10      5      3      2     11     11     11
 442    20.250      0      0      0      0      0      0      1      1      1      4      2      4
 443    20.500      0      0      0      0      0      0      0      0      0      0      0      0
 444    20.750      0      0      0      0      1      2      1      1      1      2      3      0
 445    21.000      0      0      0      0      4      7      5      3      4     13      9     15
 446    21.250      0      0      0      0      1      2      0      0      0      0      0      0
 447    21.500      0      0      0      0      0      0      1      1      2      4      2      2
 448    21.750      0      0      0      0      3      4      2      1      6      8      4      8
 449    22.000      0      0      0      0      4      4      2      1      5      7      9      8
 450    22.250      0      0      0      0      1      5      2      1      1      5      7      7
 451    22.500      0      0      0      0      3      6      1      1      0      0      0      0
 452    22.750      0      0      0      0      5     13     10      7     11     24     16     14
 453    23.000      0      0      0      0      0      3      2      1      1      5      4      0
 454    23.250      0      0      0      0      8     16      5      2      2      6      9     18
 455    23.500      0      0      0      0      6     16     15     11     15     37     30     20
 456    23.750      0      0      0      0      7     16     10      6      6     15     14     20
 457    24.000      0      0      0      0      1      5      4      3      3     10     11     10
 458    24.250      0      0      0      0      5     13      6      4      5     13     13     21
 459    24.500      0      0      0      0     11     18     14     10     19     36     23     30
 460    24.750      0      0      0      0      7     13      3      1      1      1      1      1
 461    25.000      0      0      0      0      7     18     17     12     16     41     30     21
 462    25.250      0      0      0      0      3      8      3      1      1      5      7      9
 463    25.500      0      0      0      0      1      1      2      2      2      7      2      0
 464    25.750      0      0      0      0      8     20      8      5      4     15     19     33
 465    26.000      0      0      0      0      7     18     15     10     10     32     28     29
 466    26.250      0      0      0      0      5      7      4      3      3      4      0      0
 467    26.500      0      0      0      0      4      7      7      5      7     20     16      8
 468    26.750      0      0      0      0      3      8      4      3      5     10      8      2
 469    27.000      0      0      0      0      2      6      4      2      3     10      5     10
 470    27.250      0      0      0      0      1      4      3      2      2      8      9      9
 471    27.500      0      0      0      0      9     18      9      5      8     18     14     12
 472    27.750      0      0      0      0     11     19     11      7     12     21     13     16
 473    28.000      0      0      0      0      3      6      5      4     10     19     15     10
 474    28.250      0      0      0      0      8     13      8      5      8     20     15     14
 475    28.500      0      0      0      0     11     20     12      8     13     26     21     36
 476    28.750      0      0      0      0      5     15     10      7      9     20     19     12
 477    29.000      0      0      0      0      1      2      4      3      2      8      7     10
 478    29.250      0      0      0      0      3      8      3      1      0      0      0      2
 479    29.500      0      0      0      0      7     15      8      5      8     21     20     11
 480    29.750      0      0      0      0      0      2      5      7     14      9      1      0
 481    30.000      0      0      0      0      3      4      1      1      1      2      0      0
 482    30.250      0      0      0      0     11     18     13      9     11     32     26     34
 483    30.500      0      0      0      0     20     33     15      9     13     29     25     38
 484    30.750      0      0      0      0      8     17     15     11     15     39     30     23
 485    31.000      0      0      0      0      4      6      3      4      0      0      0      0
 486    31.250      0      0      0      0      8     13      4      5     14     11      4      4
 487    31.500      0      0      0      0      8     16     16     22     29     22     11     18
 488    31.750      0      0      0      0      9     15      6      3      4      8      7      8
 489    32.000      0      0      0      0      4      7      8      6     10     30     20     18
 490    32.250      0      0      0      0     10     16      8      5      8     17     14     17
 491    32.500      0      0      0      0      6     10      6      3      8     12     10      7
 492    32.750      0      0      0      0     13     23     10      6      8     24     21     27
 493    33.000      0      0      0      0     19     40     26     21     34     54     41     43
 494    33.250      0      0      0      0      9     12      7      5      9     22     19     19
 495    33.500      0      0      0      0      5     11      9      7      7     15     15     20
 496    33.750      0      0      0      0      3      6      5      5     13     19     13     17
 497    34.000      0      0      0      0      3      5      2      0      0      0      0      0
 498    34.250      0      0      0      0      6     12      8      5      4     15     15     12
 499    34.500      0      0      0      0      7     13      7      5      9     20     11      9
 500    34.750      0      0      0      0     16     25     15     10     23     40     36     44
 501    35.000      0      0      0      0     12     19     12     11     20     27     13      8
 502    35.250      0      0      0      0     10     19     12     10     20     32     23     19
 503    35.500      0      0      0      0      7     15      9      5     14     23     17      7
 504    35.750      0      0      0      0      9     13      8      5      9     14     10      1
 505    36.000      0      0      0      0     10     21     12     11     25     47     34     44
 506    36.250      0      0      0      0     10     21     17     11     17     21      8      6
 507    36.500      0      0      0      0     13     21     12     10     23     26     13      7
 508    36.750      0      0      0      0      5     13     11      9     17     36     26     21
 509    37.000      0      0      0      0     12     13      8      6     14     29     21     14
 510    37.250      0      0      0      0     10     21     14      8     13     20     18     10
 511    37.500      0      0      0      0      4      7      4      3      7     14     11      9
 512    37.750      0      0      0      0     16     24     17     12     20     38     26     26
 513    38.000      0      0      0      0     13     20     15     10     17     38     29     41
 514    38.250      0      0      0      0      9     11      7      2      4      4      4      0
 515    38.500      0      0      0      0      6     13     10      8     12     19     13      8
 516    38.750      0      0      0      0     11     16      5      5     17     24     18      5
 517    39.000      0      0      0      0      8     15     18     11     20     39     35     35
 518    39.250      0      0      0      0     10     13      5      4      3      8      6      8
 519    39.500      0      0      0      0     16     23     16      8     18     33     26     12
 520    39.750      0      0      0      0     14     20     13      9     19     24     20      9
 521    40.000      0      0      0      0      6     15     15      9      9     21     15     13
 522    40.250      0      0      0      0      6      8      4      3     11     24     14      9
 523    40.500      0      0      0      0     11     13     11      6      9     21     14     14
 524    40.750      0      0      0      0     15     21     19     13     26     48     43     22
 525    41.000      0      0      0      0     12     15      7      3      5      9      9     10
 526    41.250      0      0      0      0      9     13      9      5     10     20     18     15
 527    41.500      0      0      0      0     14     18     11      5     10     17     14     13
 528    41.750      0      0      0      0     11     20     22     12     25     45     35     30
 529    42.000      0      0      0      0      2      5      6      4     10     16     13     12
 530    42.250      0      0      0      0      5      7      5      4      8     15     16      9
 531    42.500      0      0      0      0      9     13      7      2      1      2      2      4
 532    42.750      0      0      0      0      8     14     13      7     15     33     26     31
 533    43.000      0      0      0      0      8     16     18     12     20     45     37     34
 534    43.250      0      0      0      0     11     17     13      6     10     28     24     24
 535    43.500      0      0      0      0     13     22     19     11     18     37     25     19
 536    43.750      0      0      0      0     20     26     23     10     16     35     26     21
 537    44.000      0      0      0      0     17     24     29     17     34     72     56     50
 538    44.250      0      0      0      0      9     17      9      4      5      9      6      4
 539    44.500      0      0      0      0     12     14     12      5      9     25     18     16
 540    44.750      0      0      0      0     12     17     15      9     17     39     29     27
 541    45.000      0      0      0      0      7      9      7      3      7     11     13     13
 542    45.250      0      0      0      0      5      6      3      0      0      0      0      0
 543    45.500      0      0      0      0      4      7      7      5     11     23     18     20
 544    45.750      0      0      0      0      5      4      3      1      2      7      8      8
 545    46.000      0      0      0      0      4      7     12      8     12     34     26     30
 546    46.250      0      0      0      0      8     15     11      4      9     24     17     18
 547    46.500      0      0      0      0      5      5      5      2      2      4      2      3
 548    46.750      0      0      0      0      8     10      5      2      7     12      6      9
 549    47.000      0      0      0      0      3      6      7      4     10     20     14     16
 550    47.250      0      0      0      0      5      7      7      3      3     11      5      5
 551    47.500      0      0      0      0     13     13     11      5     12     22     17     16
 552    47.750      0      0      0      0     11     15     20     15     23     49     29     26
 553    48.000      0      0      0      0      9     15     15      4      6     16     16     11
 554    48.250      0      0      0      0      9      8      6      4     11     17     11      8
 555    48.500      0      0      0      0      8     10     10      5     16     31     28     28
 556    48.750      0      0      0      0      6      9     13      7      9     23     19     16
 557    49.000      0      0      0      0      7     11      9      4      7     14     12     13
 558    49.250      0      0      0      0     11     11     18     11     18     32     27     27
 559    49.500      0      0      0      0     13     19     14      6     12     26     17     13
 560    49.750      0      0      0      0      9      9      8      1      4     10     12      6
 561    50.000      0      0      0      0      5      7      7      5      9     21     14     14
 562    50.250      0      0      0      0      9     13     15      9     15     38     33     26
 563    50.500      0      0      0      0     11     19     19      9     13     22     19     16
 564    50.750      0      0      0      0     13     14     11      4     12     23     16     21
 565    51.000      0      0      0      0      7      6      7      4     12     22     23     15
 566    51.250      0      0      0      0     10     11      8      5     12     16     11     17
 567    51.500      0      0      0      0      8     10     13      6      9     18     20     17
 568    51.750      0      0      0      0      4      7      9      6     10     28     21     20
 569    52.000      0      0      0      0      7     10     10      4      5     16     14     12
 570    52.250      0      0      0      0     10     12     11      6     15     19     12     11
 571    52.500      0      0      0      0      4      7      8      4      9     22     18     17
 572    52.750      0      0      0      0      8     12     12      6      9     20     17     19
 573    53.000      0      0      0      0      6      9      9      5     12     23     21     22
 574    53.250      0      0      0      0      9     12     10      5      7     17     15     19
 575    53.500      0      0      0      0     12     13     14      7     11     20     15     12
 576    53.750      0      0      0      0     11     12     13      7     13     22     24     21
 577    54.000      0      0      0      0      9      9      8      4     10     19     21     19
 578    54.250      0      0      0      0      6      8      9      7      9     15      9     11
 579    54.500      0      0      0      0      8     11     10      3      8     14     14     14
 580    54.750      0      0      0      0     12     13     14     11     23     50     38     35
 581    55.000      0      0      0      0     10     12     16      8     10     25     21     25
 582    55.250      0      0      0      0     12     11      9      3     11     19     17     22
 583    55.500      0      0      0      0      4      6      5      3      2     10      6      6
 584    55.750      0      0      0      0      2      3      1      0      0      0      0      0
 585    56.000      0      0      0      0      2      5      5      1      0      0      0      0
 586    56.250      0      0      0      0      2      3      6      4      9     27     23     24
 587    56.500      0      0      0      0      3      6      8      5      7     14     11     15
 588    56.750      0      0      0      0      6      9      7      3      3     10      6      5
 589    57.000      0      0      0      0      4      4      4      2      2      5      5      3
 590    57.250      0      0      0      0      1      1      0      0      0      1      1      1
 591    57.500      0      0      0      0      3      4      2      0      1      1      0      0
 592    57.750      0      0      0      0      5      6      6      4      7     15     15     15
 593    58.000      0      0      0      0      9     10      9      5     10     21     18     16
 594    58.250      0      0      0      0      9     13     17      7      9     23     18     12
 595    58.500      0      0      0      0      8     10     10      5     10     22     25     28
 596    58.750      0      0      0      0     11     13     13      8     18     27     23     20
 597    59.000      0      0      0      0      2      1      0      0      0      0      0      0
 598    59.250      0      0      0      0      4      4      2      0      0      6      7      9
 599    59.500      0      0      0      0      6      9     13      9     21     36     28     30
 600    59.750      0      0      0      0      8      9      8      1      0      0      0      0
 601    60.000      0      0      0      0      6      7      5      3      6     12      8      7
 602    60.250      0      0      0      0      1      1      2      1      4      7      7      8
 603    60.500      0      0      0      0      6      5      3      0      0      0      1      4
 604    60.750      0      0      0      0      6      7      7      5     10     19     17     17
 605    61.000      0      0      0      0      2      3      5      2      3      7      6      6
 606    61.250      0      0      0      0      6      6      5      3      8     15     11     15
 607    61.500      0      0      0      0      3      5      7      2      6     16     13     10
 608    61.750      0      0      0      0      4      4      6      4      3     12     12     11
 609    62.000      0      0      0      0      2      4      4      3     10     16     11     13
 610    62.250      0      0      0      0      4      6      8      2      1      0      0      0
 611    62.500      0      0      0      0      4      5      2      2      5      8      8      5
 612    62.750      0      0      0      0      2      2      2      0      0      0      0      0
 613    63.000      0      0      0      0      5      5      6      4      6     13     11     12
 614    63.250      0      0      0      0      1      2      1      1      5      6      5      3
 615    63.500      0      0      0      0      2      2      3      0      0      0      0      0
 616    63.750      0      0      0      0      3      5      7      4      7     15     13     12
 617    64.000      0      0      0      0      7      7      4      2      5      7      7      9
 618    64.250      0      0      0      0      5      4      3      1      4      6      7     10
 619    64.500      0      0      0      0      1      1      3      2      4      6      6     13
 620    64.750      0      0      0      0      3      3      4      3      6     14     12      8
 621    65.000      0      0      0      0      3      4      3      1      2      8      7     10
 622    65.250      0      0      0      0      9     11     13      6      7     19     16     10
 623    65.500      0      0      0      0      6      7      4      1      2      5      5      8
 624    65.750      0      0      0      0      2      3      4      3      5      8      6      7
 625    66.000      0      0      0      0      1      0      0      0      0      0      0      0
 626    66.250      0      0      0      0      0      0      0      0      0      0      0      0
 627    66.500      0      0      0      0      2      2      2      1      3      7      6      7
 628    66.750      0      0      0      0      4      5      5      3      6      9      6      6
 629    67.000      0      0      0      0      2      3      3      1      2      5      7      9
 630    67.250      0      0      0      0      0      0      2      2      3     11      7     10
 631    67.500      0      0      0      0      3      6      5      2      4     10      7      5
 632    67.750      0      0      0      0      5      5      4      3      5      8      6     11
 633    68.000      0      0      0      0      3      3      2      2      4      7      5      3
 634    68.250      0      0      0      0      3      6      7      2      2      7      5      7
 635    68.500      0      0      0      0      2      3      0      0      0      0      0      0
 636    68.750      0      0      0      0      7      9      9      5     14     19     18     22
 637    69.000      0      0      0      0      5      7      7      3      3      6      7      6
 638    69.250      0      0      0      0      2      1      1      1      4      6      5      7
 639    69.500      0      0      0      0      0      0      0      0      0      0      0      0
 640    69.750      0      0      0      0      0      0      0      0      0      0      0      0
 641    70.000      0      0      0      0      0      0      0      0      0      0      0      0
 642    70.250      0      0      0      0      2      1      1      0      0      0      0      0
 643    70.500      0      0      0      0      2      3      3      2      2      7      6     13
 644    70.750      0      0      0      0      0      1      1      1      3      4      3      1
 645    71.000      0      0      0      0      1      1      1      0      0      0      0      0
 646    71.250      0      0      0      0      1      2      2      1      4      6      6      9
 647    71.500      0      0      0      0      1      1      1      0      1      1      1      0
 648    71.750      0      0      0      0      0      1      2      1      3      6      3      6
 649    72.000      0      0      0      0      2      1      0      0      0      0      0      0
 650    72.250      0      0      0      0      0      0      0      0      0      1      1      0
 651    72.500      0      0      0      0      3      4      5      8     13     12      5      7
 652    72.750      0      0      0      0      2      2      1      0      0      0      0      0
 653    73.000      0      0      0      0      0      0      0      0      0      0      0      0
 654    73.250      0      0      0      0      0      0      0      0      0      0      0      0
 655    73.500      0      0      0      0      0      0      0      0      0      1      1      1
 656    73.750      0      0      0      0      0      0      0      0      0      0      0      0
 657    74.000      0      0      0      0      0      0      0      0      0      0      0      0
 658    74.250      0      0      0      0      1      1      0      0      0      0      0      0
 659    74.500      0      0      0      0      2      2      4      2      5      7      6      7
 660    74.750      0      0      0      0      2      3      3      1      3      5      6      7
 661    75.000      0      0      0      0      1      0      0      0      0      0      0      0
 662    75.250      0      0      0      0      0      0      0      0      0      0      0      0
 663    75.500      0      0      0      0      0      0      0      0      0      0      0      0
 664    75.750      0      0      0      0      0      0      0      0      0      0      0      0
 665    76.000      0      0      0      0      1      1      1      1      4      6      6      9
 666    76.250      0      0      0      0      2      2      1      0      0      0      0      0
 667    76.500      0      0      0      0      2      1      1      0      0      0      0      0
 668    76.750      0      0      0      0      1      2      2      1      4      8      4      7
 669    77.000      0      0      0      0      0      0      0      0      0      0      0      0
 670    77.250      0      0      0      0      1      0      0      0      0      0      0      0
 671    77.500      0      0      0      0      1      1      1      0      0      0      0      0
 672    77.750      0      0      0      0      1      1      1      1      3      6      6      7
 673    78.000      0      0      0      0      0      0      0      0      0      0      0      0
 674    78.250      0      0      0      0      0      0      0      0      0      0      0      0
 675    78.500      0      0      0      0      0      0      0      0      0      0      0      0
 676    78.750      0      0      0      0      0      0      0      0      0      0      0      0
 677    79.000      0      0      0      0      0      0      0      0      1      2      1      2
 678    79.250      0      0      0      0      0      0      0      0      0      0      0      0
 679    79.500      0      0      0      0      0      0      0      0      0      0      0      0
 680    79.750      0      0      0      0      2      2      2      0      0      0      0      0
 681    80.000      0      0      0      0      0      1      1      1      2      7      5      5
 682    80.250      0      0      0      0      0      0      0      0      0      0      0      0
 683    80.500      0      0      0      0      2      2      2      1      2      3      4      7
 684    80.750      0      0      0      0      1      1      1      0      1      2      1      1
 685    81.000      0      0      0      0      0      0      0      0      0      0      0      0
 686    81.250      0      0      0      0      0      0      0      0      0      0      0      0
 687    81.500      0      0      0      0      0      0      0      0      0      0      0      0
 688    81.750      0      0      0      0      0      0      0      0      0      0      0      0
 689    82.000      0      0      0      0      2      2      1      1      5      7      6      9
 690    82.250      0      0      0      0      2      2      2      1      0      0      0      0
 691    82.500      0      0      0      0      1      1      0      1      4      5      7      8
 692    82.750      0      0      0      0      1      1      1      0      0      0      0      0
 693    83.000      0      0      0      0      0      0      0      0      0      0      0      0
 694    83.250      0      0      0      0      0      0      0      0      0      0      0      0
 695    83.500      0      0      0      0      0      0      0      0      0      0      0      0
 696    83.750      0      0      0      0      0      0      0      0      0      0      0      0
 697    84.000      0      0      0      0      0      0      0      0      0      0      0      0
 698    84.250      0      0      0      0      0      0      0      0      0      0      0      0
 699    84.500      0      0      0      0      0      0      0      0      0      0      0      0
 700    84.750      0      0      0      0      0      0      0      0      0      0      0      0
 701    85.000      0      0      0      0      0      0      0      0      0      0      0      0
 702    85.250      0      0      0      0      0      0      0      0      0      0      0      0
 703    85.500      0      0      0      0      0      0      0      0      0      0      0      0
 704    85.750      0      0      0      0      0      0      0      0      0      0      0      0
 705    86.000      0      0      0      0      0      0      0      0      0      0      0      0
 706    86.250      0      0      0      0      0      0      0      0      0      0      0      0
 707    86.500      0      0      0      0      0      0      0      0      0      0      0      0
 708    86.750      0      0      0      0      0      0      0      0      0      0      0      0
 709    87.000      0      0      0      0      0      0      0      0      0      0      0      0
 710    87.250      0      0      0      0      0      0      0      0      0      0      0      0
 711    87.500      0      0      0      0      0      0      0      0      0      0      0      0
 712    87.750      0      0      0      0      0      0      0      0      0      0      0      0
 713    88.000      0      0      0      0      0      0      0      0      0      0      0      0
 714    88.250      0      0      0      0      0      0      0      0      0      0      0      0
 715    88.500      0      0      0      0      0      0      0      0      0      0      0      0
 716    88.750      0      0      0      0      0      0      0      0      0      0      0      0
 717    89.000      0      0      0      0      0      0      0      0      0      0      0      0
 718    89.250      0      0      0      0      0      0      0      0      0      0      0      0
 719    89.500      0      0      0      0      0      0      0      0      0      0      0      0
 720    89.750      0      0      0      0      0      0      0      0      0      0      0      0
 721    90.000      0      0      0      0      0      0      0      0      0      0      0      0
 
last data file /discover/nobackup/projects/gmao/nwposse/develop/osse529/obs/Y2006/M06/D27/H12/osse529.diag_conv.20060627_12z.ods
sum of counts =    21460
