  1  1      9641
   0.00000   0.00000   0.00000   0.00000   0.00000   0.00000   0.02137   0.05902   0.21751   0.20133
   0.20465   0.13743   0.00041   0.00768   0.02282   0.03744   0.00104   0.00124   0.00207   0.00353
   0.00488   0.00550   0.01618   0.00539   0.01597   0.00021   0.00052   0.00083   0.00093   0.00145
   0.00332   0.00259   0.00114   0.00239   0.00166   0.00156   0.00000   0.00073   0.00166   0.01556
  2  1      2030
   0.00000   0.00394   0.00887   0.01182   0.01576   0.00591   0.01773   0.02315   0.01970   0.02956
   0.03054   0.02709   0.03300   0.03103   0.01921   0.03005   0.02315   0.02808   0.03399   0.02857
   0.02808   0.02857   0.02463   0.02365   0.02315   0.02217   0.02266   0.02069   0.02709   0.01478
   0.01527   0.01823   0.01921   0.01527   0.01773   0.02020   0.01379   0.01232   0.00985   0.20148
  3  1       942
   0.00000   0.00000   0.00000   0.00000   0.00000   0.00000   0.00000   0.00000   0.00000   0.00425
   0.00425   0.00425   0.01274   0.01274   0.05839   0.07325   0.05202   0.03397   0.02866   0.01805
   0.04140   0.05202   0.04883   0.03715   0.02866   0.02017   0.01486   0.02017   0.02654   0.02866
   0.02760   0.02335   0.02442   0.03397   0.02548   0.02442   0.01274   0.01486   0.00849   0.18365
  5  1     65157
   0.03631   0.05459   0.05880   0.07141   0.08475   0.09621   0.10108   0.09942   0.08243   0.06467
   0.05112   0.03840   0.02985   0.02198   0.01806   0.01378   0.01117   0.00846   0.00731   0.00691
   0.00511   0.00451   0.00339   0.00290   0.00312   0.00196   0.00198   0.00181   0.00132   0.00135
   0.00092   0.00115   0.00120   0.00118   0.00089   0.00072   0.00060   0.00058   0.00057   0.00801
  6  1     44340
   0.03329   0.05309   0.05557   0.06903   0.08599   0.09490   0.10546   0.09711   0.08394   0.06468
   0.05036   0.04084   0.03117   0.02519   0.01980   0.01473   0.01200   0.00943   0.00760   0.00643
   0.00505   0.00507   0.00329   0.00280   0.00207   0.00183   0.00183   0.00162   0.00129   0.00117
   0.00092   0.00120   0.00083   0.00068   0.00070   0.00074   0.00063   0.00065   0.00041   0.00659
  7  1     42305
   0.03862   0.06924   0.07200   0.07942   0.09183   0.09526   0.08975   0.08829   0.07408   0.05876
   0.04399   0.03418   0.02761   0.02267   0.01733   0.01345   0.01061   0.00860   0.00816   0.00589
   0.00598   0.00456   0.00425   0.00345   0.00314   0.00227   0.00239   0.00215   0.00173   0.00180
   0.00156   0.00104   0.00130   0.00135   0.00099   0.00125   0.00080   0.00073   0.00061   0.00889
  8  1     33781
   0.04073   0.06933   0.07338   0.08617   0.09902   0.09866   0.10325   0.08878   0.07315   0.05435
   0.04138   0.03040   0.02327   0.01939   0.01587   0.01246   0.00938   0.00817   0.00675   0.00571
   0.00530   0.00394   0.00314   0.00290   0.00210   0.00178   0.00172   0.00198   0.00172   0.00133
   0.00077   0.00080   0.00092   0.00095   0.00115   0.00074   0.00062   0.00074   0.00074   0.00705
  9  1     21192
   0.01812   0.03756   0.04799   0.05427   0.05582   0.06309   0.06748   0.06927   0.06720   0.05346
   0.04780   0.04544   0.04020   0.03412   0.03034   0.02954   0.02383   0.01869   0.01741   0.01670
   0.01387   0.01147   0.01288   0.00892   0.00807   0.00769   0.00727   0.00562   0.00708   0.00477
   0.00604   0.00378   0.00425   0.00340   0.00359   0.00307   0.00260   0.00373   0.00269   0.04091
 10  1     16129
   0.01947   0.03658   0.05078   0.05301   0.05611   0.06138   0.07335   0.07304   0.06417   0.05109
   0.04538   0.04290   0.03844   0.03670   0.02951   0.02623   0.02430   0.02182   0.01606   0.01482
   0.01290   0.01327   0.01079   0.00967   0.00732   0.00794   0.00601   0.00732   0.00688   0.00564
   0.00533   0.00484   0.00508   0.00502   0.00366   0.00360   0.00279   0.00273   0.00242   0.04166
 11  1     21912
   0.00000   0.00000   0.00529   0.02875   0.05362   0.07722   0.11866   0.21240   0.16192   0.09064
   0.07863   0.08311   0.01602   0.01365   0.01191   0.00799   0.00411   0.00497   0.00338   0.00246
   0.00210   0.00237   0.00424   0.00169   0.00146   0.00128   0.00091   0.00050   0.00055   0.00064
   0.00046   0.00041   0.00055   0.00078   0.00046   0.00073   0.00023   0.00032   0.00046   0.00516
 12  1     40026
   0.00000   0.00000   0.00410   0.01754   0.02516   0.03645   0.06336   0.10173   0.13616   0.19685
   0.24856   0.10136   0.00607   0.00827   0.01397   0.01017   0.00190   0.00185   0.00200   0.00112
   0.00170   0.00212   0.00340   0.00127   0.00260   0.00065   0.00060   0.00057   0.00050   0.00070
   0.00062   0.00100   0.00042   0.00092   0.00055   0.00032   0.00017   0.00042   0.00027   0.00455
 13  1      8550
   0.00000   0.00000   0.00000   0.00000   0.00000   0.00070   0.00807   0.01813   0.01930   0.01439
   0.01591   0.01719   0.01942   0.02386   0.02000   0.02094   0.02164   0.02000   0.02117   0.01906
   0.02082   0.02211   0.02234   0.02234   0.02164   0.02000   0.01778   0.02105   0.02105   0.02316
   0.02608   0.02421   0.02070   0.01836   0.02140   0.01965   0.01953   0.01825   0.01684   0.34292
 14  1      2893
   0.00000   0.00000   0.00000   0.00000   0.00000   0.00000   0.00000   0.00000   0.00000   0.00000
   0.00000   0.00000   0.00000   0.00069   0.00000   0.00069   0.00069   0.00069   0.00069   0.00277
   0.00691   0.00622   0.00622   0.00795   0.01175   0.01452   0.02039   0.02212   0.03526   0.05185
   0.05565   0.03699   0.03871   0.03906   0.03042   0.02489   0.02904   0.02696   0.02731   0.50156
 15  1     59897
   0.24960   0.08030   0.04715   0.03688   0.03302   0.03441   0.05788   0.07446   0.06678   0.05753
   0.04872   0.03995   0.03049   0.02514   0.02069   0.01748   0.01412   0.01042   0.00846   0.00679
   0.00489   0.00446   0.00322   0.00257   0.00237   0.00242   0.00210   0.00155   0.00157   0.00119
   0.00127   0.00104   0.00083   0.00070   0.00075   0.00060   0.00073   0.00048   0.00027   0.00669
 16  1      8070
   0.00000   0.00000   0.00000   0.00050   0.00074   0.00112   0.00384   0.00446   0.00942   0.01524
   0.02292   0.03222   0.04771   0.06555   0.10471   0.15762   0.08810   0.05105   0.04176   0.03482
   0.02912   0.03160   0.02553   0.02094   0.01884   0.01301   0.01078   0.01363   0.01004   0.00843
   0.00929   0.01029   0.00855   0.00694   0.00768   0.00644   0.00595   0.00397   0.00335   0.07385
 17  1      7066
   0.04557   0.08336   0.11959   0.14549   0.12539   0.13445   0.09157   0.06623   0.04585   0.02930
   0.02349   0.01826   0.01528   0.01019   0.00877   0.00552   0.00425   0.00410   0.00283   0.00297
   0.00212   0.00127   0.00113   0.00156   0.00085   0.00042   0.00085   0.00099   0.00085   0.00028
   0.00000   0.00028   0.00071   0.00071   0.00028   0.00042   0.00028   0.00014   0.00014   0.00425
 18  1      5613
   0.02031   0.05487   0.11830   0.13647   0.16497   0.19134   0.12222   0.06004   0.04490   0.02245
   0.01514   0.01372   0.00802   0.00552   0.00428   0.00196   0.00232   0.00232   0.00089   0.00089
   0.00143   0.00036   0.00143   0.00071   0.00018   0.00018   0.00036   0.00053   0.00018   0.00036
   0.00018   0.00053   0.00036   0.00053   0.00000   0.00000   0.00018   0.00000   0.00000   0.00160
 19  1      8929
   0.01165   0.04805   0.10751   0.13708   0.18502   0.23743   0.11009   0.05981   0.03326   0.01691
   0.01837   0.01243   0.00549   0.00426   0.00291   0.00157   0.00202   0.00090   0.00067   0.00056
   0.00056   0.00056   0.00067   0.00034   0.00056   0.00011   0.00022   0.00000   0.00000   0.00022
   0.00000   0.00011   0.00011   0.00000   0.00000   0.00011   0.00022   0.00000   0.00000   0.00022
