  
 qmax_p_table:
                           -90.00     -60.00     -30.00       0.00      30.00      60.00
                           -60.00     -30.00       0.00      30.00      60.00      90.00
 1       0.0   14285.7    7.4E-06    1.8E-05    2.3E-05    5.5E-05    4.2E-05    2.2E-05
 2   14285.7   28571.4    3.5E-05    2.6E-04    9.6E-04    2.1E-03    1.5E-03    2.6E-04
 3   28571.4   42857.1    3.5E-04    1.7E-03    4.3E-03    7.0E-03    6.1E-03    1.9E-03
 4   42857.1   57142.9    1.2E-03    4.5E-03    8.6E-03    1.2E-02    1.0E-02    4.7E-03
 5   57142.9   71428.6    2.5E-03    7.4E-03    1.2E-02    1.5E-02    1.4E-02    8.4E-03
 6   71428.6   85714.3    4.1E-03    1.1E-02    1.7E-02    2.0E-02    1.8E-02    1.2E-02
 7   85714.3  100000.0    4.9E-03    1.5E-02    2.1E-02    3.1E-02    2.4E-02    1.5E-02
  
 qmax_i_table:
                           -90.00     -60.00     -30.00       0.00      30.00      60.00
                           -60.00     -30.00       0.00      30.00      60.00      90.00
 1   10000.0   60000.0    1.5E-03    4.8E-03    9.7E-03    1.2E-02    1.1E-02    5.5E-03
  
